2017 03 13 19 48 11 0.53
2017 03 13 19 49 41 0.58
2017 03 13 19 51 09 0.67
2017 03 13 19 52 39 0.61
2017 03 13 19 54 08 0.57
2017 03 13 19 55 38 0.70
2017 03 13 19 57 06 0.91
2017 03 13 19 58 36 0.96
2017 03 13 20 01 34 1.24
2017 03 13 20 04 33 1.22
2017 03 13 20 06 03 1.50
2017 03 13 20 07 33 1.36
2017 03 13 20 09 01 1.06
2017 03 13 20 10 31 0.95
2017 03 13 20 12 01 1.13
2017 03 13 20 13 31 0.96
2017 03 13 20 15 00 1.00
2017 03 13 20 16 30 0.63
2017 03 13 20 18 00 0.75
2017 03 13 20 19 31 0.62
2017 03 13 20 21 00 0.63
2017 03 13 20 22 29 0.63
2017 03 13 20 23 59 0.59
2017 03 13 20 25 28 0.60
2017 03 13 20 26 57 0.52
2017 03 13 20 28 27 0.47
2017 03 13 20 29 56 0.51
2017 03 13 20 31 26 0.48
2017 03 13 20 32 57 0.45
2017 03 13 20 34 25 0.49
2017 03 13 20 35 55 0.55
2017 03 13 20 37 24 0.62
2017 03 13 20 38 54 0.65
2017 03 13 20 40 24 0.70
2017 03 13 20 41 54 0.69
2017 03 13 20 43 23 0.77
2017 03 13 20 44 52 0.76
2017 03 13 20 47 52 0.86
2017 03 13 20 49 22 0.89
2017 03 13 20 50 52 0.87
2017 03 13 20 53 51 0.77
2017 03 13 20 55 20 0.72
2017 03 13 20 56 50 0.65
2017 03 13 20 58 19 0.68
2017 03 13 20 59 49 0.79
2017 03 13 21 01 19 0.86
2017 03 13 21 02 48 0.77
2017 03 13 21 04 18 0.57
2017 03 13 21 05 48 0.57
2017 03 13 21 07 17 0.31
2017 03 13 21 08 47 0.29
2017 03 13 21 10 16 0.31
2017 03 13 21 11 47 0.29
2017 03 13 21 13 16 0.50
2017 03 13 21 14 48 0.36
2017 03 13 21 20 03 0.45
2017 03 13 21 21 33 0.38
2017 03 13 21 23 03 0.47
2017 03 13 21 29 33 0.54
2017 03 13 21 32 33 0.40
2017 03 13 21 34 02 0.34
2017 03 13 21 35 33 0.38
2017 03 13 21 37 03 0.38
2017 03 13 21 38 33 0.42
2017 03 13 21 40 03 0.54
2017 03 13 21 41 33 0.47
2017 03 13 21 43 03 0.57
2017 03 13 21 44 34 0.61
2017 03 13 21 46 03 0.70
2017 03 13 21 47 34 0.68
2017 03 13 21 49 04 0.74
2017 03 13 21 50 33 0.57
2017 03 13 21 52 04 0.88
2017 03 13 21 53 34 1.03
2017 03 13 21 55 04 1.01
2017 03 13 21 56 33 1.24
2017 03 13 21 58 03 1.22
2017 03 13 21 59 35 1.60
2017 03 13 22 01 05 1.44
2017 03 13 22 02 34 1.36
2017 03 13 22 04 05 1.51
2017 03 13 22 05 35 1.45
2017 03 13 22 07 05 1.19
2017 03 13 22 08 35 1.16
2017 03 13 22 10 06 1.28
2017 03 13 22 11 36 1.39
2017 03 13 22 13 05 1.51
2017 03 13 22 14 36 1.53
2017 03 13 22 16 05 1.29
2017 03 13 22 17 35 1.31
2017 03 13 22 20 35 1.23
2017 03 13 22 22 04 1.16
2017 03 13 22 23 35 0.92
2017 03 13 22 26 35 0.76
2017 03 13 22 29 35 0.91
2017 03 13 22 34 44 0.85
2017 03 13 22 36 14 0.54
2017 03 13 22 37 43 0.69
2017 03 13 22 39 14 0.53
2017 03 13 22 40 44 0.75
2017 03 13 22 45 52 0.87
2017 03 13 22 47 23 0.63
2017 03 13 22 48 52 0.60
2017 03 13 22 51 53 0.61
2017 03 13 22 53 23 0.50
2017 03 13 22 54 54 0.53
2017 03 13 22 57 54 0.59
2017 03 13 23 00 56 0.79
2017 03 13 23 02 27 0.82
2017 03 13 23 03 57 0.51
2017 03 13 23 05 28 0.52
2017 03 13 23 06 59 0.59
2017 03 13 23 08 59 0.54
2017 03 13 23 10 30 0.58
2017 03 13 23 12 00 0.58
2017 03 13 23 15 00 0.43
2017 03 13 23 16 30 0.39
2017 03 13 23 18 01 0.49
2017 03 13 23 19 30 0.57
2017 03 13 23 21 01 0.61
2017 03 13 23 22 32 0.72
2017 03 13 23 24 02 0.64
2017 03 13 23 25 31 0.59
2017 03 13 23 27 02 0.52
2017 03 13 23 28 32 0.38
2017 03 13 23 31 35 0.45
2017 03 13 23 33 05 0.61
2017 03 13 23 34 36 0.44
2017 03 13 23 43 31 0.44
2017 03 13 23 45 02 0.45
2017 03 13 23 46 32 0.46
2017 03 13 23 48 02 0.36
2017 03 13 23 49 33 0.45
2017 03 13 23 51 04 0.59
2017 03 13 23 52 33 0.85
2017 03 13 23 55 35 0.82
2017 03 13 23 58 37 0.54
2017 03 14 00 01 39 0.48
2017 03 14 00 03 10 0.48
2017 03 14 00 04 41 0.39
2017 03 14 00 06 11 0.44
2017 03 14 00 07 42 0.40
2017 03 14 00 10 44 0.44
2017 03 14 00 12 14 0.53
2017 03 14 00 13 44 0.67
2017 03 14 00 15 15 0.51
2017 03 14 00 16 46 0.77
2017 03 14 00 18 17 0.64
2017 03 14 00 19 48 0.78
2017 03 14 00 21 19 0.82
2017 03 14 00 22 49 0.46
2017 03 14 00 24 19 0.48
2017 03 14 00 25 50 0.49
2017 03 14 00 27 21 0.39
2017 03 14 00 28 52 0.35
2017 03 14 00 30 23 0.32
2017 03 14 00 31 54 0.35
2017 03 14 00 33 24 0.39
2017 03 14 00 34 55 0.26
2017 03 14 00 36 27 0.19
2017 03 14 00 37 58 0.18
2017 03 14 00 39 29 0.20
2017 03 14 00 41 00 0.18
2017 03 14 00 42 31 0.29
2017 03 14 00 45 32 0.27
2017 03 14 00 47 03 0.21
2017 03 14 00 48 34 0.18
2017 03 14 00 50 05 0.21
2017 03 14 00 51 36 0.28
2017 03 14 00 53 07 0.25
2017 03 14 00 54 38 0.21
2017 03 14 00 56 09 0.24
2017 03 14 00 57 40 0.26
2017 03 14 01 00 43 0.23
2017 03 14 01 02 14 0.24
2017 03 14 01 03 44 0.23
2017 03 14 01 05 16 0.23
2017 03 14 01 06 47 0.25
2017 03 14 01 08 17 0.17
2017 03 14 01 09 48 0.18
2017 03 14 01 11 19 0.22
2017 03 14 01 12 50 0.20
2017 03 14 01 14 20 0.23
2017 03 14 01 15 52 0.23
2017 03 14 01 17 24 0.25
2017 03 14 01 18 54 0.23
2017 03 14 01 20 26 0.34
2017 03 14 01 21 57 0.36
2017 03 14 01 25 00 0.35
2017 03 14 01 26 31 0.34
2017 03 14 01 28 02 0.44
2017 03 14 01 29 34 0.33
2017 03 14 01 32 36 0.38
2017 03 14 01 34 07 0.35
2017 03 14 01 35 38 0.48
2017 03 14 01 37 09 0.40
2017 03 14 01 43 51 0.24
2017 03 14 01 46 54 0.25
2017 03 14 01 48 25 0.23
2017 03 14 01 49 56 0.21
2017 03 14 01 51 27 0.19
2017 03 14 01 52 59 0.21
2017 03 14 01 54 29 0.18
2017 03 14 01 57 32 0.13
2017 03 14 02 00 35 0.23
2017 03 14 02 02 06 0.21
2017 03 14 02 03 37 0.21
2017 03 14 02 06 39 0.22
2017 03 14 02 08 10 0.22
2017 03 14 02 09 41 0.30
2017 03 14 02 12 43 0.28
2017 03 14 02 14 15 0.31
2017 03 14 02 15 46 0.37
2017 03 14 02 17 18 0.36
2017 03 14 02 18 48 0.20
2017 03 14 02 20 19 0.18
2017 03 14 02 23 22 0.40
2017 03 14 02 24 54 0.28
2017 03 14 02 26 25 0.23
2017 03 14 02 27 56 0.37
2017 03 14 02 29 28 0.54
2017 03 14 02 31 00 0.35
2017 03 14 02 32 31 0.27
2017 03 14 02 34 02 0.36
2017 03 14 02 35 34 0.29
2017 03 14 02 38 37 0.34
2017 03 14 02 40 07 0.24
2017 03 14 02 41 39 0.30
2017 03 14 02 44 41 0.24
2017 03 14 02 46 13 0.19
2017 03 14 02 47 44 0.24
2017 03 14 02 50 47 0.32
2017 03 14 02 52 19 0.21
2017 03 14 02 53 50 0.26
2017 03 14 02 56 54 0.31
2017 03 14 02 59 56 0.34
2017 03 14 03 03 00 0.33
2017 03 14 03 04 32 0.25
2017 03 14 03 06 03 0.29
2017 03 14 03 07 35 0.40
2017 03 14 03 09 06 0.53
2017 03 14 03 10 37 0.46
2017 03 14 03 12 09 0.53
2017 03 14 03 13 41 0.51
2017 03 14 03 16 44 0.41
2017 03 14 03 18 16 0.36
2017 03 14 03 19 49 0.33
2017 03 14 03 21 20 0.34
2017 03 14 03 22 52 0.28
2017 03 14 03 24 24 0.32
2017 03 14 03 25 56 0.32
2017 03 14 03 28 59 0.25
2017 03 14 03 32 03 0.24
2017 03 14 03 33 34 0.27
2017 03 14 03 35 06 0.33
2017 03 14 03 36 38 0.42
2017 03 14 03 38 10 0.29
2017 03 14 03 39 42 0.41
2017 03 14 03 41 13 0.41
2017 03 14 03 42 45 0.35
2017 03 14 03 45 49 0.32
2017 03 14 03 48 54 0.32
2017 03 14 03 50 26 0.27
2017 03 14 03 51 58 0.23
2017 03 14 03 53 29 0.28
2017 03 14 03 55 02 0.28
2017 03 14 03 56 34 0.24
2017 03 14 03 58 05 0.24
2017 03 14 03 59 37 0.25
2017 03 14 04 01 10 0.26
2017 03 14 04 02 42 0.22
2017 03 14 04 05 48 0.25
2017 03 14 04 07 20 0.16
2017 03 14 04 08 53 0.23
2017 03 14 04 10 25 0.30
2017 03 14 04 11 57 0.32
2017 03 14 04 13 29 0.35
2017 03 14 04 16 32 0.19
2017 03 14 04 18 04 0.22
2017 03 14 04 19 36 0.18
2017 03 14 04 22 40 0.18
2017 03 14 04 25 45 0.24
2017 03 14 04 27 17 0.25
2017 03 14 04 28 48 0.27
2017 03 14 04 30 21 0.34
2017 03 14 04 31 53 0.31
2017 03 14 04 33 26 0.37
2017 03 14 04 34 57 0.40
2017 03 14 04 36 30 0.48
2017 03 14 04 38 02 0.48
2017 03 14 04 39 35 0.37
2017 03 14 04 41 07 0.34
2017 03 14 04 42 39 0.33
2017 03 14 04 44 11 0.33
2017 03 14 04 45 44 0.39
2017 03 14 04 47 15 0.34
2017 03 14 04 48 47 0.31
2017 03 14 04 50 19 0.28
2017 03 14 04 51 52 0.29
2017 03 14 04 56 44 0.27
2017 03 14 04 59 49 0.30
2017 03 14 05 02 54 0.22
2017 03 14 05 04 25 0.29
2017 03 14 05 05 58 0.30
2017 03 14 05 07 30 0.49
2017 03 14 05 09 02 0.73
2017 03 14 05 12 07 0.53
2017 03 14 05 13 38 0.43
2017 03 14 05 15 10 0.46
2017 03 14 05 16 43 0.41
2017 03 14 05 18 14 0.44
