2017 03 14 19 47 44 1.53e-21 2.27e-14 4.67e-20 1.76e-14 1.74e-13 3.98e-14 0.56
2017 03 14 19 49 14 8.24e-23 1.60e-22 6.39e-20 2.88e-14 8.34e-14 3.50e-14 0.40
2017 03 14 19 50 43 2.25e-22 2.27e-18 3.23e-18 1.88e-16 1.40e-13 4.65e-14 0.47
2017 03 14 19 53 41 8.15e-22 2.69e-22 3.34e-21 1.35e-15 5.71e-14 3.29e-14 0.30
2017 03 14 19 55 11 1.65e-22 1.93e-21 2.36e-19 6.18e-14 6.51e-14 5.09e-14 0.45
2017 03 14 19 56 41 6.04e-24 2.37e-14 7.49e-19 5.44e-14 8.83e-14 3.71e-14 0.49
2017 03 14 19 59 39 3.28e-22 1.58e-14 5.89e-20 8.81e-14 1.07e-13 5.19e-14 0.57
2017 03 14 20 01 08 7.64e-24 2.91e-22 2.61e-20 8.84e-14 4.61e-14 3.50e-14 0.44
2017 03 14 20 02 37 2.10e-21 5.79e-22 7.50e-20 9.98e-16 4.38e-14 2.95e-14 0.27
2017 03 14 20 04 07 5.18e-23 1.60e-16 9.25e-16 3.23e-14 2.49e-14 3.66e-14 0.31
2017 03 14 20 05 36 2.33e-23 1.50e-21 3.89e-19 3.73e-14 7.48e-14 6.31e-14 0.45
2017 03 14 20 07 05 5.20e-23 8.50e-17 6.72e-19 1.30e-14 5.49e-14 4.57e-14 0.35
2017 03 14 20 08 34 1.61e-22 7.95e-24 2.84e-19 1.03e-14 5.93e-14 2.98e-14 0.32
2017 03 14 20 10 04 2.78e-22 6.72e-22 3.37e-21 2.20e-15 1.11e-13 3.37e-14 0.40
2017 03 14 20 11 33 2.23e-21 2.62e-22 4.74e-22 2.19e-15 9.43e-14 3.27e-14 0.37
2017 03 14 20 13 03 2.09e-22 1.10e-21 4.23e-20 3.46e-14 6.86e-14 3.24e-14 0.38
2017 03 14 20 14 32 3.34e-23 2.17e-22 2.19e-15 3.66e-14 2.41e-14 4.66e-14 0.34
2017 03 14 20 16 01 2.23e-23 6.13e-22 1.72e-23 1.64e-15 7.75e-14 4.05e-14 0.36
2017 03 14 20 17 31 1.75e-22 3.36e-15 2.28e-19 1.68e-14 7.78e-14 3.43e-14 0.38
2017 03 14 20 19 00 9.42e-22 1.90e-21 2.28e-25 2.80e-14 5.80e-14 2.68e-14 0.34
2017 03 14 20 20 30 3.25e-22 4.00e-15 1.35e-20 2.27e-14 8.26e-14 4.76e-14 0.42
2017 03 14 20 21 59 1.99e-23 7.68e-16 1.73e-17 2.52e-15 9.81e-14 5.13e-14 0.41
2017 03 14 20 23 29 1.89e-24 5.34e-23 2.82e-15 2.37e-14 2.71e-14 4.09e-14 0.31
2017 03 14 20 25 00 5.41e-23 4.22e-15 2.27e-21 2.02e-14 2.44e-14 3.04e-14 0.28
2017 03 14 20 26 31 3.55e-23 1.71e-15 6.79e-15 2.38e-14 7.84e-15 3.17e-14 0.26
2017 03 14 20 27 59 4.76e-22 3.63e-15 9.39e-20 3.38e-14 4.04e-14 4.91e-14 0.37
2017 03 14 20 29 29 3.14e-23 4.08e-15 7.72e-19 4.81e-14 6.75e-15 3.10e-14 0.30
2017 03 14 20 30 59 5.75e-23 1.77e-21 5.71e-20 5.02e-14 6.27e-15 4.13e-14 0.32
2017 03 14 20 33 59 7.96e-22 7.22e-15 2.80e-22 2.60e-14 2.63e-14 2.98e-14 0.30
2017 03 14 20 35 29 2.85e-22 7.01e-15 6.99e-20 6.91e-14 3.41e-14 2.42e-14 0.38
2017 03 14 20 41 02 5.74e-24 2.24e-14 3.24e-20 6.06e-14 2.09e-14 5.90e-14 0.43
2017 03 14 20 42 31 1.95e-21 2.07e-22 4.97e-21 2.48e-14 2.48e-14 3.23e-14 0.28
2017 03 14 20 42 31 1.95e-21 2.07e-22 4.97e-21 4.52e-14 4.68e-15 3.00e-14 0.28
2017 03 14 20 44 01 1.98e-23 8.61e-22 6.25e-20 4.52e-14 4.68e-15 3.00e-14 0.28
2017 03 14 20 47 00 1.95e-21 1.73e-22 1.49e-19 3.37e-14 3.10e-15 2.65e-14 0.24
2017 03 14 20 48 30 5.04e-24 7.70e-23 7.34e-20 1.25e-14 5.03e-14 2.31e-14 0.29
2017 03 14 20 49 59 3.05e-22 1.58e-15 9.57e-15 3.74e-14 1.36e-14 2.50e-14 0.29
2017 03 14 20 51 29 1.17e-22 1.59e-23 4.59e-16 7.38e-14 6.92e-15 2.93e-14 0.34
2017 03 14 20 52 59 2.77e-22 2.28e-22 5.67e-19 8.06e-14 3.11e-15 2.63e-14 0.34
2017 03 14 20 54 29 1.09e-23 1.64e-22 4.35e-21 2.82e-14 2.64e-14 2.41e-14 0.28
2017 03 14 20 55 59 1.48e-21 5.50e-23 1.55e-16 2.15e-14 6.73e-15 3.57e-14 0.24
2017 03 14 20 57 30 7.74e-22 2.02e-22 1.94e-19 1.45e-14 4.09e-14 3.44e-14 0.30
2017 03 14 20 58 59 1.33e-22 2.07e-14 4.40e-14 3.85e-14 1.21e-15 2.62e-14 0.38
2017 03 14 21 00 29 1.74e-26 2.35e-17 4.38e-15 5.34e-14 3.65e-15 2.33e-14 0.29
2017 03 14 21 02 00 1.48e-21 4.12e-22 4.95e-22 5.86e-14 1.80e-15 2.41e-14 0.29
2017 03 14 21 03 30 2.69e-23 1.12e-22 2.46e-19 2.49e-14 1.12e-14 2.61e-14 0.24
2017 03 14 21 05 00 1.45e-21 6.90e-23 7.00e-20 4.38e-14 4.76e-15 3.20e-14 0.28
2017 03 14 21 06 29 2.31e-22 3.16e-16 6.12e-20 3.58e-14 3.50e-14 2.93e-14 0.32
2017 03 14 21 08 00 1.33e-22 3.83e-19 1.47e-19 2.21e-14 4.60e-14 2.87e-14 0.31
2017 03 14 21 09 30 1.22e-21 6.36e-17 3.03e-20 3.44e-14 2.74e-14 3.71e-14 0.32
2017 03 14 21 11 00 4.34e-22 2.31e-15 1.86e-20 4.52e-14 2.48e-14 2.62e-14 0.32
2017 03 14 21 12 29 1.21e-21 1.04e-21 6.08e-20 5.74e-14 4.92e-15 2.77e-14 0.30
2017 03 14 21 13 59 1.24e-21 1.17e-22 2.81e-17 4.68e-14 2.58e-15 2.24e-14 0.26
2017 03 14 21 15 30 2.50e-23 9.61e-22 2.33e-19 3.85e-14 1.68e-14 2.31e-14 0.28
2017 03 14 21 17 00 2.93e-22 1.13e-22 3.74e-19 2.28e-14 4.35e-14 3.11e-14 0.31
2017 03 14 21 18 30 1.21e-21 1.46e-21 1.77e-18 1.38e-14 6.04e-14 3.05e-14 0.33
2017 03 14 21 20 00 8.49e-24 2.82e-23 1.13e-20 4.81e-14 2.52e-15 2.44e-14 0.27
2017 03 14 21 26 22 3.04e-22 1.17e-21 4.83e-19 9.59e-14 5.14e-14 2.56e-14 0.44
2017 03 14 21 27 52 1.06e-24 1.95e-21 1.08e-20 4.66e-14 5.10e-14 2.51e-14 0.36
2017 03 14 21 29 23 2.11e-22 1.59e-22 4.96e-22 8.49e-14 4.30e-14 2.13e-14 0.40
2017 03 14 21 30 54 5.31e-23 1.42e-23 3.74e-20 8.02e-14 4.06e-14 1.54e-14 0.38
2017 03 14 21 33 54 3.67e-23 4.36e-23 3.03e-19 6.54e-14 4.29e-14 1.61e-14 0.36
2017 03 14 21 35 25 4.40e-22 2.29e-22 1.43e-19 6.94e-14 4.09e-14 1.35e-14 0.36
2017 03 14 21 36 56 2.90e-22 6.97e-23 5.65e-21 3.67e-14 5.16e-14 1.16e-14 0.32
2017 03 14 21 38 26 1.28e-22 3.21e-22 1.38e-22 3.54e-14 4.60e-14 1.26e-14 0.30
2017 03 14 21 39 56 3.51e-22 2.54e-22 2.79e-20 4.25e-14 3.90e-14 1.29e-14 0.31
2017 03 14 21 42 57 1.88e-24 1.51e-21 1.04e-21 3.04e-14 4.57e-14 1.59e-14 0.30
2017 03 14 21 44 26 4.44e-23 2.23e-23 1.87e-20 5.58e-14 4.95e-14 1.97e-14 0.36
2017 03 14 21 45 56 6.47e-23 2.17e-23 6.82e-22 1.77e-14 5.61e-14 2.21e-14 0.31
2017 03 14 21 47 26 2.24e-22 1.65e-23 6.67e-22 3.58e-14 5.17e-14 1.89e-14 0.33
2017 03 14 21 48 57 5.96e-23 2.36e-22 2.85e-21 4.19e-15 8.44e-14 2.67e-14 0.34
2017 03 14 21 50 26 1.01e-22 4.30e-22 4.72e-21 2.25e-14 3.08e-14 1.86e-14 0.26
2017 03 14 21 51 57 5.43e-23 1.37e-21 6.24e-22 2.31e-14 2.93e-14 1.99e-14 0.26
2017 03 14 21 53 28 4.10e-23 2.02e-21 1.08e-18 5.46e-14 1.46e-14 2.52e-14 0.30
2017 03 14 21 55 00 8.17e-22 9.77e-22 3.15e-21 4.14e-14 2.94e-14 1.59e-14 0.29
2017 03 14 21 58 00 1.17e-21 1.77e-22 5.72e-21 1.63e-14 2.83e-14 1.30e-14 0.23
2017 03 14 22 01 00 1.51e-21 7.53e-24 2.39e-21 2.76e-14 3.34e-14 2.02e-14 0.28
2017 03 14 22 02 30 6.94e-23 2.44e-22 1.45e-22 3.76e-15 3.34e-14 1.94e-14 0.22
2017 03 14 22 05 32 3.61e-23 1.85e-22 1.18e-16 2.86e-14 1.52e-14 3.01e-14 0.26
2017 03 14 22 07 02 4.76e-22 1.99e-21 5.88e-20 1.62e-15 6.15e-14 2.28e-14 0.29
2017 03 14 22 08 32 2.04e-22 3.86e-22 2.07e-20 3.32e-15 9.18e-14 1.51e-14 0.33
2017 03 14 22 10 03 1.28e-21 2.05e-23 5.56e-25 1.30e-14 6.26e-14 1.16e-14 0.29
2017 03 14 22 11 33 1.37e-21 1.23e-21 2.19e-24 1.03e-14 7.46e-14 1.45e-14 0.31
2017 03 14 22 14 33 2.46e-23 2.16e-21 3.56e-20 3.08e-14 2.80e-14 3.58e-14 0.31
2017 03 14 22 16 04 8.90e-22 3.20e-15 7.95e-21 3.45e-14 3.51e-14 3.12e-14 0.32
2017 03 14 22 17 34 4.34e-22 1.68e-22 4.74e-20 1.82e-14 7.25e-14 2.16e-14 0.34
2017 03 14 22 20 34 3.50e-22 2.19e-21 1.34e-20 4.24e-14 4.65e-14 1.62e-14 0.33
2017 03 14 22 22 05 5.23e-24 1.48e-21 2.78e-21 4.22e-14 1.30e-14 2.08e-14 0.27
2017 03 14 22 23 34 2.87e-22 5.72e-15 8.16e-20 5.57e-14 3.34e-14 2.47e-14 0.35
2017 03 14 22 25 05 1.15e-21 2.12e-22 7.96e-21 5.05e-14 3.92e-14 1.70e-14 0.33
2017 03 14 22 26 37 8.77e-22 3.46e-16 4.82e-21 7.69e-14 3.28e-14 1.76e-14 0.37
2017 03 14 22 28 06 2.61e-22 1.68e-21 2.23e-22 1.41e-13 3.47e-14 2.07e-14 0.47
2017 03 14 22 29 37 6.03e-23 6.18e-15 7.04e-14 1.26e-13 1.75e-14 2.00e-14 0.53
2017 03 14 22 31 07 7.18e-23 1.02e-21 2.36e-15 1.01e-13 2.92e-15 1.90e-14 0.36
2017 03 14 22 32 38 6.11e-22 2.09e-15 1.31e-15 1.28e-13 6.51e-15 4.09e-14 0.45
2017 03 14 22 34 08 4.49e-22 1.90e-22 6.02e-21 1.24e-13 8.35e-15 4.28e-14 0.44
2017 03 14 22 35 38 9.89e-22 2.70e-23 2.04e-20 1.93e-13 8.41e-15 2.73e-14 0.52
2017 03 14 22 37 09 3.04e-22 6.97e-22 2.13e-14 1.37e-13 5.37e-15 4.24e-14 0.49
2017 03 14 22 38 39 1.31e-21 2.06e-21 1.60e-19 1.55e-13 8.12e-14 6.58e-14 0.61
2017 03 14 22 40 09 1.48e-23 9.23e-22 1.30e-14 1.55e-13 4.67e-14 4.52e-14 0.56
2017 03 14 22 41 40 5.02e-22 2.72e-22 4.32e-21 6.72e-14 6.85e-14 3.50e-14 0.44
2017 03 14 22 43 09 7.95e-22 4.79e-22 2.07e-20 6.25e-14 6.80e-14 1.99e-14 0.40
2017 03 14 22 44 40 2.71e-23 1.91e-22 1.20e-18 8.05e-14 4.31e-14 1.82e-14 0.39
2017 03 14 22 46 11 6.83e-23 1.64e-21 8.31e-22 6.89e-14 2.60e-14 1.69e-14 0.34
2017 03 14 22 47 40 7.57e-22 9.40e-22 6.44e-21 6.97e-14 6.60e-14 1.49e-14 0.40
2017 03 14 22 49 40 5.51e-23 3.12e-22 6.50e-22 2.86e-14 4.86e-14 1.31e-14 0.30
2017 03 14 22 52 40 2.71e-23 7.78e-22 2.27e-20 5.20e-15 4.95e-14 1.74e-14 0.26
2017 03 14 22 54 10 1.63e-21 8.26e-23 2.83e-20 1.53e-14 3.69e-14 1.03e-14 0.24
2017 03 14 22 55 41 5.16e-23 2.02e-21 4.81e-19 3.55e-14 2.16e-14 1.19e-14 0.25
2017 03 14 22 57 11 1.59e-21 5.14e-15 2.17e-15 4.07e-14 1.24e-14 1.61e-14 0.27
2017 03 14 22 58 41 2.54e-22 3.30e-23 6.79e-21 1.10e-14 2.89e-14 1.16e-14 0.21
2017 03 14 23 00 12 1.74e-21 1.23e-22 1.31e-21 2.28e-14 3.13e-14 1.17e-14 0.25
2017 03 14 23 01 42 1.18e-23 1.28e-23 4.38e-20 8.01e-15 2.68e-14 1.28e-14 0.20
2017 03 14 23 04 42 1.62e-23 5.41e-23 5.47e-20 4.31e-15 3.32e-14 1.56e-14 0.22
2017 03 14 23 06 13 2.57e-23 1.80e-21 7.85e-21 2.14e-14 1.13e-15 1.55e-14 0.18
2017 03 14 23 07 43 5.70e-22 8.27e-22 9.30e-22 2.87e-14 2.98e-14 1.24e-14 0.26
2017 03 14 23 09 14 3.49e-23 1.98e-22 2.81e-21 3.15e-14 1.73e-15 1.98e-14 0.22
2017 03 14 23 10 45 1.01e-23 4.59e-23 3.87e-20 2.79e-14 2.71e-15 2.55e-14 0.22
2017 03 14 23 12 15 4.72e-24 1.96e-22 6.03e-20 1.93e-14 1.77e-15 2.46e-14 0.20
2017 03 14 23 13 46 1.35e-21 5.32e-23 5.78e-21 1.19e-17 2.24e-14 2.09e-14 0.19
2017 03 14 23 15 17 5.11e-22 1.44e-22 3.86e-20 2.15e-16 2.26e-14 2.02e-14 0.19
2017 03 14 23 16 48 3.31e-22 1.39e-21 3.06e-20 1.65e-15 2.97e-14 1.51e-14 0.20
2017 03 14 23 18 19 1.27e-23 3.86e-23 5.36e-20 9.48e-17 1.50e-14 1.97e-14 0.17
2017 03 14 23 19 49 1.03e-22 4.04e-22 4.83e-22 2.53e-15 4.87e-14 2.71e-14 0.27
2017 03 14 23 21 21 6.00e-22 1.05e-21 8.75e-20 7.72e-16 3.12e-14 2.70e-14 0.23
2017 03 14 23 22 52 9.09e-23 2.02e-21 3.27e-21 1.48e-15 5.37e-14 2.22e-14 0.27
2017 03 14 23 25 55 1.89e-21 4.95e-24 1.44e-20 1.36e-15 3.06e-14 1.92e-14 0.21
2017 03 14 23 27 25 2.88e-22 2.33e-23 1.77e-21 7.34e-16 4.04e-14 1.61e-14 0.23
2017 03 14 23 28 56 1.31e-23 6.30e-22 5.36e-20 2.08e-14 2.73e-15 2.71e-14 0.21
2017 03 14 23 30 26 1.95e-21 2.45e-22 4.53e-23 2.43e-15 4.52e-14 1.23e-14 0.23
2017 03 14 23 31 58 3.42e-22 3.86e-22 4.18e-21 2.62e-15 2.19e-14 2.00e-14 0.19
2017 03 14 23 33 29 1.31e-23 3.10e-22 8.32e-23 1.56e-14 2.44e-14 1.95e-14 0.23
2017 03 14 23 38 44 1.50e-21 8.75e-22 1.17e-19 4.56e-18 2.45e-14 2.25e-14 0.20
2017 03 14 23 40 15 8.41e-24 2.77e-22 1.02e-16 1.06e-14 3.74e-14 2.09e-14 0.26
2017 03 14 23 41 46 4.30e-22 3.07e-20 1.26e-15 2.03e-17 4.04e-14 1.77e-14 0.23
2017 03 14 23 44 47 4.15e-23 8.20e-22 1.62e-20 3.51e-16 3.02e-14 1.80e-14 0.21
2017 03 14 23 46 19 6.89e-22 1.79e-22 3.31e-23 2.17e-15 3.38e-14 1.44e-14 0.21
2017 03 14 23 47 49 9.01e-23 1.46e-23 5.00e-22 3.82e-14 3.68e-14 1.38e-14 0.30
2017 03 14 23 49 20 6.02e-22 1.33e-22 7.37e-21 2.71e-14 5.56e-14 1.97e-14 0.33
2017 03 14 23 50 51 7.08e-23 1.29e-21 1.93e-20 3.37e-16 3.09e-14 2.53e-14 0.23
2017 03 14 23 52 22 3.91e-23 2.10e-21 2.30e-20 1.51e-14 2.25e-14 1.76e-14 0.22
2017 03 14 23 53 53 2.25e-21 2.46e-23 9.79e-22 2.40e-15 3.66e-14 2.69e-14 0.25
2017 03 14 23 55 24 1.62e-21 5.47e-22 1.90e-21 1.45e-16 2.70e-14 2.41e-14 0.21
2017 03 14 23 56 56 4.03e-23 7.37e-22 2.43e-21 2.34e-16 3.36e-14 2.21e-14 0.23
2017 03 14 23 59 57 6.22e-22 1.07e-22 6.22e-21 6.14e-16 3.53e-14 1.88e-14 0.22
2017 03 15 00 02 59 7.56e-24 2.36e-22 5.69e-22 2.63e-14 2.36e-14 1.77e-14 0.25
2017 03 15 00 04 30 2.26e-22 1.58e-21 6.35e-23 1.87e-14 3.16e-14 1.98e-14 0.26
2017 03 15 00 06 02 1.52e-21 2.11e-21 2.64e-20 2.97e-14 3.66e-14 3.69e-14 0.33
2017 03 15 00 07 34 1.68e-21 7.80e-22 4.92e-20 4.68e-15 3.55e-14 2.52e-14 0.25
2017 03 15 00 10 35 2.17e-21 3.82e-22 6.09e-21 5.21e-15 5.78e-14 2.35e-14 0.29
2017 03 15 00 12 06 5.01e-22 1.74e-22 6.70e-23 6.46e-16 5.27e-14 3.07e-14 0.29
2017 03 15 00 13 37 1.88e-21 6.77e-24 7.76e-20 2.00e-15 8.17e-14 2.60e-14 0.34
2017 03 15 00 15 08 2.79e-22 4.79e-23 7.27e-20 5.38e-17 7.76e-14 3.26e-14 0.34
2017 03 15 00 16 38 2.12e-21 9.15e-22 1.30e-16 1.69e-14 7.06e-14 3.08e-14 0.35
2017 03 15 00 19 42 7.50e-24 2.72e-22 5.60e-22 9.00e-19 5.26e-14 3.44e-14 0.30
2017 03 15 00 22 43 2.08e-22 1.37e-22 1.73e-20 2.94e-15 6.46e-14 2.65e-14 0.31
2017 03 15 00 24 14 8.80e-22 2.49e-23 3.45e-20 1.19e-15 4.39e-14 2.03e-14 0.25
2017 03 15 00 25 45 4.38e-22 6.12e-23 8.53e-20 9.13e-15 5.27e-14 2.06e-14 0.29
2017 03 15 00 27 16 1.58e-21 2.05e-21 9.41e-21 7.37e-16 3.80e-14 2.36e-14 0.24
2017 03 15 00 28 47 4.13e-23 1.72e-22 3.29e-23 5.16e-15 5.45e-14 2.36e-14 0.29
2017 03 15 00 31 49 2.48e-22 4.02e-22 1.07e-19 4.94e-15 8.38e-14 5.42e-14 0.40
2017 03 15 00 33 19 1.24e-21 1.21e-21 1.50e-20 6.81e-15 6.38e-14 2.81e-14 0.32
2017 03 15 00 34 50 2.36e-22 6.00e-22 8.45e-21 5.49e-16 7.30e-14 4.18e-14 0.35
2017 03 15 00 36 22 1.59e-25 6.73e-23 4.43e-22 2.93e-15 5.20e-14 2.83e-14 0.29
2017 03 15 00 37 52 1.86e-22 2.54e-24 9.72e-21 1.37e-14 3.60e-14 2.28e-14 0.26
2017 03 15 00 39 23 3.34e-22 2.03e-23 5.35e-22 1.07e-14 4.00e-14 2.99e-14 0.28
2017 03 15 00 40 54 8.69e-22 1.78e-23 1.10e-21 8.16e-16 6.93e-14 3.34e-14 0.33
2017 03 15 00 43 57 2.19e-21 1.87e-22 1.68e-22 1.24e-14 9.24e-14 4.60e-14 0.41
2017 03 15 00 50 38 9.36e-24 1.33e-21 3.47e-22 7.08e-16 6.27e-14 3.83e-14 0.32
2017 03 15 00 52 09 1.36e-21 5.85e-23 7.06e-21 2.27e-15 5.79e-14 3.83e-14 0.32
2017 03 15 00 53 40 1.40e-23 3.64e-21 2.86e-21 1.63e-14 6.71e-14 3.40e-14 0.35
2017 03 15 00 55 11 4.66e-22 5.73e-22 3.33e-16 4.18e-15 5.00e-14 3.67e-14 0.30
2017 03 15 00 56 43 2.02e-21 1.06e-21 5.88e-21 3.80e-14 4.85e-14 4.19e-14 0.37
2017 03 15 00 58 14 3.38e-23 1.90e-22 3.80e-21 1.40e-14 6.22e-14 2.88e-14 0.33
2017 03 15 00 59 44 5.65e-23 9.33e-23 5.05e-21 4.19e-14 3.84e-14 3.71e-14 0.35
2017 03 15 01 02 47 8.84e-22 6.99e-24 6.92e-21 1.31e-15 7.76e-14 3.07e-14 0.34
2017 03 15 01 04 18 2.00e-21 3.74e-22 4.22e-21 1.05e-14 8.81e-14 3.45e-14 0.38
2017 03 15 01 05 50 1.53e-21 5.68e-22 6.88e-19 1.67e-16 1.06e-13 4.08e-14 0.40
2017 03 15 01 07 19 2.62e-23 4.06e-23 2.54e-21 2.57e-14 7.76e-14 4.05e-14 0.40
2017 03 15 01 08 51 2.31e-22 2.10e-23 6.38e-17 3.62e-14 3.75e-14 3.12e-14 0.33
2017 03 15 01 10 21 5.15e-22 4.62e-21 2.75e-15 5.34e-14 6.15e-14 3.21e-14 0.41
2017 03 15 01 11 53 5.15e-22 4.62e-21 2.75e-15 5.34e-14 6.15e-14 3.21e-14 0.42
2017 03 15 01 11 53 8.89e-22 2.45e-22 1.29e-14 4.43e-14 6.26e-14 3.53e-14 0.42
2017 03 15 01 13 23 1.81e-23 2.02e-23 1.70e-14 2.88e-14 6.46e-14 3.70e-14 0.40
2017 03 15 01 14 55 7.80e-22 6.93e-22 3.74e-15 3.82e-14 2.22e-14 3.80e-14 0.32
2017 03 15 01 16 28 5.67e-24 4.68e-22 2.42e-14 5.65e-14 4.75e-14 3.00e-14 0.42
2017 03 15 01 17 59 2.01e-22 1.75e-22 1.18e-14 2.28e-14 4.99e-14 2.79e-14 0.34
2017 03 15 01 19 30 4.81e-22 2.94e-20 3.91e-15 6.26e-14 4.63e-14 3.32e-14 0.40
2017 03 15 01 22 33 8.06e-23 1.12e-21 2.71e-20 2.62e-14 3.60e-14 3.12e-14 0.31
2017 03 15 01 25 36 6.03e-23 1.36e-21 3.41e-15 4.94e-14 3.22e-14 3.02e-14 0.35
2017 03 15 01 27 06 3.94e-22 6.39e-22 2.97e-15 7.06e-14 1.51e-14 2.85e-14 0.35
2017 03 15 01 28 37 5.50e-23 3.52e-24 1.43e-20 3.81e-14 1.48e-14 3.12e-14 0.29
2017 03 15 01 39 10 4.75e-24 3.77e-23 6.59e-19 7.62e-14 2.13e-14 2.88e-14 0.37
2017 03 15 01 40 41 1.80e-21 3.36e-23 6.43e-21 4.76e-14 3.20e-14 2.77e-14 0.33
2017 03 15 01 43 43 6.42e-23 4.16e-23 5.02e-19 6.13e-14 4.31e-14 2.38e-14 0.37
2017 03 15 01 46 46 4.55e-24 5.20e-23 4.03e-20 8.15e-15 6.27e-14 2.29e-14 0.31
2017 03 15 01 49 48 7.01e-23 2.14e-21 6.22e-23 8.80e-14 1.83e-14 2.30e-14 0.37
2017 03 15 01 52 51 1.79e-21 1.50e-23 6.83e-21 3.65e-14 2.38e-14 1.91e-14 0.28
2017 03 15 01 54 22 2.99e-22 1.15e-22 1.04e-18 3.25e-14 1.97e-14 1.67e-14 0.26
2017 03 15 01 55 52 8.04e-23 9.39e-22 1.85e-20 1.11e-14 2.28e-14 1.70e-14 0.21
2017 03 15 01 57 24 1.76e-21 4.52e-24 3.34e-20 4.43e-14 6.37e-15 2.07e-14 0.26
2017 03 15 01 58 55 3.13e-23 1.23e-22 7.96e-20 4.89e-15 3.71e-14 2.39e-14 0.25
2017 03 15 02 01 57 2.94e-23 4.05e-22 2.64e-20 4.52e-14 1.68e-14 1.33e-14 0.27
2017 03 15 02 03 29 6.19e-22 1.81e-23 9.39e-21 1.21e-14 4.29e-14 1.48e-14 0.26
2017 03 15 02 05 00 8.57e-22 3.73e-22 1.72e-20 2.83e-14 3.55e-14 1.60e-14 0.28
2017 03 15 02 06 32 1.62e-23 6.14e-22 6.88e-21 1.65e-14 5.16e-14 2.33e-14 0.30
2017 03 15 02 09 35 4.88e-22 9.82e-24 2.94e-20 2.55e-14 6.96e-14 1.66e-14 0.34
2017 03 15 02 11 07 1.14e-21 9.82e-24 2.94e-20 2.55e-14 6.96e-14 1.66e-14 0.32
2017 03 15 02 12 37 9.00e-22 2.45e-23 2.89e-20 2.23e-14 6.81e-14 1.65e-14 0.33
2017 03 15 02 14 09 1.54e-22 7.01e-22 2.33e-24 1.32e-15 9.76e-14 2.29e-14 0.36
2017 03 15 02 15 40 5.95e-22 1.47e-21 8.20e-21 4.27e-14 8.86e-14 1.67e-14 0.41
2017 03 15 02 18 43 8.61e-22 4.03e-24 1.17e-20 3.69e-14 8.38e-14 1.98e-14 0.39
2017 03 15 02 20 14 3.25e-22 1.08e-21 3.38e-21 7.97e-14 5.87e-14 2.21e-14 0.43
2017 03 15 02 21 46 8.47e-23 4.94e-24 1.22e-20 5.45e-14 6.90e-14 1.81e-14 0.40
2017 03 15 02 23 16 1.69e-22 1.77e-22 1.55e-20 3.81e-14 9.82e-14 1.60e-14 0.41
2017 03 15 02 24 48 3.17e-22 1.08e-22 5.03e-21 4.82e-14 5.82e-14 1.88e-14 0.37
2017 03 15 02 26 20 8.06e-24 1.71e-21 2.99e-20 4.88e-14 1.05e-13 2.56e-14 0.46
2017 03 15 02 27 50 1.73e-21 2.75e-23 6.64e-21 3.01e-14 7.60e-14 2.41e-14 0.38
2017 03 15 02 30 54 9.29e-22 1.34e-22 4.52e-22 9.47e-15 7.30e-14 1.55e-14 0.32
2017 03 15 02 35 29 1.23e-21 1.91e-21 1.44e-21 3.84e-14 4.84e-14 2.15e-14 0.34
2017 03 15 02 37 01 7.64e-23 1.27e-21 4.87e-22 4.99e-14 6.13e-14 1.93e-14 0.38
2017 03 15 02 38 32 1.55e-21 2.88e-22 4.15e-21 3.46e-14 9.84e-14 1.39e-14 0.40
2017 03 15 02 40 05 6.71e-22 9.97e-22 1.40e-20 1.21e-14 1.04e-13 1.41e-14 0.38
2017 03 15 02 41 37 1.60e-22 5.51e-23 1.27e-20 2.03e-15 1.18e-13 2.02e-14 0.39
2017 03 15 02 43 07 4.20e-23 8.50e-22 1.67e-20 2.35e-14 1.51e-13 3.11e-14 0.49
2017 03 15 02 44 40 2.05e-21 9.69e-23 1.87e-19 1.40e-14 1.44e-13 2.53e-14 0.46
2017 03 15 02 46 11 1.05e-22 2.17e-21 3.07e-21 1.07e-14 1.29e-13 2.99e-14 0.44
2017 03 15 02 47 42 2.38e-22 1.28e-21 1.61e-20 3.64e-17 7.56e-14 2.45e-14 0.32
2017 03 15 02 49 13 5.67e-22 6.37e-15 2.65e-16 3.97e-14 4.81e-14 2.36e-14 0.35
2017 03 15 02 50 45 1.12e-21 4.44e-22 3.29e-20 3.58e-15 7.00e-14 2.32e-14 0.31
2017 03 15 02 53 48 2.62e-22 2.11e-21 1.35e-21 5.12e-15 5.87e-14 2.31e-14 0.29
2017 03 15 02 55 19 1.65e-21 1.80e-22 1.83e-21 6.43e-15 5.21e-14 2.37e-14 0.28
2017 03 15 02 56 51 4.43e-23 2.27e-22 1.76e-19 1.27e-14 4.79e-14 2.66e-14 0.30
2017 03 15 02 58 23 1.70e-23 1.38e-15 5.95e-22 1.04e-14 4.94e-14 2.26e-14 0.29
2017 03 15 02 59 55 4.79e-22 3.75e-22 3.67e-20 7.79e-15 4.70e-14 2.20e-14 0.27
2017 03 15 03 01 26 1.04e-21 6.88e-15 1.30e-20 3.27e-14 3.98e-14 2.55e-14 0.33
2017 03 15 03 02 58 1.36e-21 2.34e-17 1.61e-14 6.29e-14 4.10e-14 2.38e-14 0.40
2017 03 15 03 04 29 1.48e-23 1.68e-22 1.54e-21 4.15e-14 2.89e-14 2.22e-14 0.31
2017 03 15 03 06 01 2.36e-22 1.62e-23 1.10e-19 2.15e-14 5.22e-14 2.61e-14 0.32
2017 03 15 03 07 33 1.05e-21 4.65e-15 3.37e-16 9.43e-14 1.57e-14 2.87e-14 0.40
2017 03 15 03 10 35 5.51e-19 1.30e-14 8.48e-16 4.41e-14 4.91e-14 3.23e-14 0.39
2017 03 15 03 12 08 1.48e-21 8.71e-17 8.44e-17 8.13e-14 1.24e-14 3.75e-14 0.38
2017 03 15 03 13 40 7.72e-23 1.42e-22 7.84e-15 4.34e-14 5.88e-14 3.56e-14 0.40
2017 03 15 03 16 43 6.80e-24 1.94e-23 3.84e-14 9.19e-14 8.84e-14 3.54e-14 0.56
2017 03 15 03 19 47 1.64e-22 2.11e-24 3.00e-20 9.19e-14 8.84e-14 3.54e-14 0.45
2017 03 15 03 19 47 1.64e-22 2.11e-24 3.00e-20 8.65e-14 5.36e-14 3.40e-14 0.45
2017 03 15 03 21 18 8.35e-22 5.22e-22 5.92e-14 9.39e-14 1.60e-13 4.01e-14 0.68
2017 03 15 03 22 50 2.97e-23 5.61e-19 3.63e-15 1.29e-13 6.82e-14 4.41e-14 0.55
2017 03 15 03 28 01 1.89e-21 1.36e-21 3.71e-15 1.29e-13 6.82e-14 4.41e-14 0.43
2017 03 15 03 29 33 4.98e-23 1.36e-21 3.71e-15 8.56e-14 4.01e-14 3.28e-14 0.48
2017 03 15 03 29 33 4.98e-23 7.36e-15 2.45e-14 6.71e-14 6.32e-14 3.37e-14 0.48
2017 03 15 03 31 04 7.77e-22 1.04e-21 5.83e-15 1.06e-13 3.10e-14 4.20e-14 0.46
2017 03 15 03 32 36 1.41e-24 1.48e-21 1.17e-15 6.09e-14 5.15e-14 3.17e-14 0.40
2017 03 15 03 34 07 1.36e-22 1.21e-23 2.01e-14 4.50e-14 7.16e-14 2.95e-14 0.44
2017 03 15 03 35 39 1.99e-21 2.12e-22 1.71e-15 9.43e-14 6.67e-14 4.17e-14 0.49
2017 03 15 03 38 43 1.69e-21 8.54e-17 1.85e-14 7.79e-14 6.91e-14 3.31e-14 0.48
2017 03 15 03 40 14 2.00e-21 7.51e-24 1.47e-17 8.82e-14 8.35e-14 3.77e-14 0.50
2017 03 15 03 41 46 5.46e-23 1.40e-23 1.85e-14 1.19e-13 5.65e-14 4.63e-14 0.54
2017 03 15 03 44 50 3.05e-22 2.31e-15 4.20e-16 7.68e-14 4.67e-14 3.30e-14 0.42
2017 03 15 03 46 22 1.49e-21 7.37e-19 1.33e-14 7.55e-14 6.13e-14 2.99e-14 0.46
2017 03 15 03 47 54 6.89e-21 9.93e-15 6.99e-15 3.58e-14 5.92e-14 3.17e-14 0.40
2017 03 15 03 50 57 3.19e-16 1.16e-15 1.96e-15 8.93e-14 1.73e-14 3.49e-14 0.40
2017 03 15 03 52 28 1.31e-22 5.98e-16 5.24e-20 2.52e-14 4.91e-14 2.68e-14 0.32
2017 03 15 03 55 32 1.39e-21 1.71e-22 1.30e-14 6.26e-14 7.03e-14 3.10e-14 0.45
2017 03 15 03 57 03 1.07e-21 4.91e-22 1.30e-14 6.26e-14 7.03e-14 3.10e-14 0.40
2017 03 15 03 57 03 1.07e-21 4.91e-22 6.88e-15 7.89e-14 2.46e-14 3.12e-14 0.40
2017 03 15 03 58 35 1.63e-21 7.83e-23 9.74e-22 4.20e-14 4.01e-14 2.68e-14 0.34
2017 03 15 04 00 07 4.77e-22 1.31e-21 5.45e-15 7.63e-14 3.34e-14 2.68e-14 0.40
2017 03 15 04 01 39 5.49e-23 1.64e-22 1.13e-19 8.32e-14 1.03e-13 4.45e-14 0.53
2017 03 15 04 04 43 1.01e-21 1.64e-23 9.75e-16 5.22e-14 7.44e-14 3.93e-14 0.44
2017 03 15 04 07 49 2.62e-19 5.17e-15 2.98e-16 9.19e-14 5.76e-14 4.17e-14 0.48
2017 03 15 04 09 20 1.85e-21 4.57e-23 8.84e-17 7.05e-14 3.59e-14 3.65e-14 0.40
2017 03 15 04 10 52 1.12e-21 2.31e-22 3.15e-25 4.77e-14 4.90e-14 3.19e-14 0.37
2017 03 15 04 13 57 2.58e-23 1.04e-21 3.31e-20 1.86e-14 3.09e-14 2.86e-14 0.28
2017 03 15 04 15 29 1.05e-21 6.86e-22 3.35e-20 3.26e-14 3.40e-14 3.13e-14 0.32
2017 03 15 04 17 01 1.28e-24 2.55e-23 2.31e-21 3.63e-14 2.77e-14 2.54e-14 0.30
2017 03 15 04 18 33 2.42e-23 2.11e-22 4.16e-21 2.48e-14 2.99e-14 2.22e-14 0.27
2017 03 15 04 20 04 4.23e-23 1.44e-21 3.84e-22 2.75e-14 2.95e-14 1.56e-14 0.26
2017 03 15 04 21 37 2.26e-22 5.89e-24 2.31e-20 2.31e-14 3.02e-14 2.01e-14 0.27
2017 03 15 04 21 37 2.26e-22 5.89e-24 6.39e-16 7.91e-14 9.75e-16 2.15e-14 0.27
2017 03 15 04 24 41 2.00e-21 5.01e-21 6.51e-21 2.56e-14 3.43e-14 1.89e-14 0.28
2017 03 15 04 26 12 2.00e-22 1.43e-22 1.44e-20 1.88e-14 3.12e-14 1.78e-14 0.25
2017 03 15 04 27 44 2.21e-22 1.32e-22 1.43e-21 2.18e-14 4.12e-14 1.65e-14 0.28
2017 03 15 04 30 48 1.48e-21 5.32e-23 3.46e-21 1.97e-14 4.63e-14 1.93e-14 0.29
2017 03 15 04 32 20 1.46e-22 3.80e-23 1.05e-14 4.81e-14 7.16e-14 2.99e-14 0.43
2017 03 15 04 33 53 1.19e-23 1.58e-21 5.47e-20 2.23e-14 6.13e-14 2.73e-14 0.34
2017 03 15 04 35 25 1.74e-21 7.41e-22 2.78e-20 3.96e-14 7.88e-14 2.89e-14 0.40
2017 03 15 04 36 57 2.79e-24 2.33e-15 3.34e-15 5.91e-14 8.88e-14 3.94e-14 0.48
2017 03 15 04 38 29 1.16e-22 6.20e-17 8.65e-15 5.93e-14 7.50e-14 2.88e-14 0.44
2017 03 15 04 40 02 1.31e-21 1.39e-23 7.21e-14 1.87e-13 4.26e-14 4.90e-14 0.68
2017 03 15 04 41 33 1.66e-21 8.62e-22 1.41e-14 8.73e-14 7.66e-14 3.29e-14 0.50
2017 03 15 04 44 37 9.79e-24 1.36e-21 1.35e-14 5.38e-14 5.36e-14 3.28e-14 0.42
2017 03 15 04 46 10 2.36e-22 4.13e-20 1.87e-14 7.03e-14 6.57e-14 3.69e-14 0.47
2017 03 15 04 47 41 4.11e-23 1.42e-14 4.14e-14 6.33e-14 7.89e-14 4.18e-14 0.54
2017 03 15 04 53 59 6.27e-20 1.11e-13 5.69e-15 7.54e-14 9.97e-15 2.93e-14 0.52
2017 03 15 04 55 31 7.60e-14 4.99e-14 3.30e-14 8.02e-14 7.85e-15 2.24e-14 0.57
2017 03 15 04 57 03 1.17e-19 8.52e-14 6.79e-16 4.07e-14 2.49e-14 2.99e-14 0.45
2017 03 15 04 58 35 4.55e-14 5.96e-14 1.87e-14 8.01e-14 8.62e-16 2.76e-14 0.53
2017 03 15 05 01 40 4.29e-17 1.51e-13 1.18e-14 7.79e-14 3.94e-24 2.98e-14 0.58
2017 03 15 05 04 44 1.77e-13 1.23e-14 1.42e-14 7.64e-14 3.69e-24 2.40e-14 0.62
2017 03 15 05 06 17 2.41e-13 3.38e-14 1.31e-14 2.91e-14 1.56e-14 2.64e-14 0.68
2017 03 15 05 07 49 1.25e-14 7.21e-14 1.93e-18 4.61e-14 5.27e-15 2.49e-14 0.42
2017 03 15 05 10 53 2.49e-14 1.35e-15 4.84e-14 9.42e-14 1.85e-14 2.22e-14 0.49
2017 03 15 05 12 26 1.36e-13 2.06e-14 9.69e-19 6.42e-14 4.54e-15 2.45e-14 0.55
2017 03 15 05 13 58 1.06e-21 9.49e-23 2.81e-20 4.49e-14 5.69e-14 2.37e-14 0.36
2017 03 15 05 15 30 1.10e-22 2.23e-21 2.51e-20 4.52e-14 5.87e-14 2.83e-14 0.37
