5.381610352e+00 -1.864244511e+00 2.361311637e-01
5.382187836e+00 -6.214815192e-01 2.136882090e-01
5.382187836e+00 6.214815192e-01 2.136882090e-01
5.381610352e+00 1.864244511e+00 2.361311637e-01
5.380455756e+00 3.106407579e+00 2.809882501e-01
6.454469748e+00 -2.484326564e+00 3.482018920e-01
6.455508160e+00 -1.242363125e+00 3.146058632e-01
6.455854372e+00 0.000000000e+00 3.034023911e-01
6.455508160e+00 1.242363125e+00 3.146058632e-01
6.454469748e+00 2.484326564e+00 3.482018920e-01
6.452739802e+00 3.725491062e+00 4.041473507e-01
7.525372675e+00 -3.103411386e+00 4.823704760e-01
7.526985993e+00 -1.862446024e+00 4.376858976e-01
7.527792912e+00 -6.208818949e-01 4.153292592e-01
7.527792912e+00 6.208818949e-01 4.153292592e-01
7.526985993e+00 1.862446024e+00 4.376858976e-01
7.525372675e+00 3.103411386e+00 4.823704760e-01
7.522953995e+00 4.343379514e+00 5.493256665e-01
8.593978862e+00 -3.721302007e+00 6.384656490e-01
8.596280271e+00 -2.481532364e+00 5.827710405e-01
8.597661708e+00 -1.240965575e+00 5.493256665e-01
8.598122286e+00 0.000000000e+00 5.381724369e-01
8.597661708e+00 1.240965575e+00 5.493256665e-01
8.596280271e+00 2.481532364e+00 5.827710405e-01
8.593978862e+00 3.721302007e+00 6.384656490e-01
8.590758959e+00 4.959876998e+00 7.163380895e-01
9.659950456e+00 -4.337802775e+00 8.162886383e-01
9.663052207e+00 -3.099425440e+00 7.496763170e-01
9.665121147e+00 -1.860053432e+00 7.052205925e-01
9.666155950e+00 -6.200841933e-01 6.829784634e-01
9.666155950e+00 6.200841933e-01 6.829784634e-01
9.665121147e+00 1.860053432e+00 7.052205925e-01
9.663052207e+00 3.099425440e+00 7.496763170e-01
9.659950456e+00 4.337802775e+00 8.162886383e-01
9.655817885e+00 5.574789055e+00 9.049722290e-01
1.072295238e+01 -4.952719554e+00 1.015613637e+00
1.072696565e+01 -3.715929902e+00 9.381894890e-01
1.072983411e+01 -2.477949044e+00 8.828155503e-01
1.073155592e+01 -1.239173340e+00 8.495627628e-01
1.073212998e+01 0.000000000e+00 8.384737595e-01
1.073155592e+01 1.239173340e+00 8.495627628e-01
1.072983411e+01 2.477949044e+00 8.828155503e-01
1.072696565e+01 3.715929902e+00 9.381894890e-01
1.072295238e+01 4.952719554e+00 1.015613637e+00
1.071779687e+01 6.187922909e+00 1.114988915e+00
1.178265267e+01 -5.565859928e+00 1.236188340e+00
1.178768742e+01 -4.330851957e+00 1.148071558e+00
1.179146631e+01 -3.094457384e+00 1.081885058e+00
1.179398691e+01 -1.857071323e+00 1.037713554e+00
1.179524762e+01 -6.190899442e-01 1.015613637e+00
1.179524762e+01 6.190899442e-01 1.015613637e+00
1.179398691e+01 1.857071323e+00 1.037713554e+00
1.179146631e+01 3.094457384e+00 1.081885058e+00
1.178768742e+01 4.330851957e+00 1.148071558e+00
1.178265267e+01 5.565859928e+00 1.236188340e+00
1.177636528e+01 6.799087662e+00 1.346122763e+00
1.283872283e+01 -6.177033399e+00 1.477734533e+00
1.284488767e+01 -4.943999570e+00 1.379057330e+00
1.284968665e+01 -3.709385023e+00 1.302177169e+00
1.285311668e+01 -2.473583459e+00 1.247192352e+00
1.285517558e+01 -1.236989847e+00 1.214173262e+00
1.285586203e+01 0.000000000e+00 1.203162195e+00
1.285517558e+01 1.236989847e+00 1.214173262e+00
1.285311668e+01 2.473583459e+00 1.247192352e+00
1.284968665e+01 3.709385023e+00 1.302177169e+00
1.284488767e+01 4.943999570e+00 1.379057330e+00
1.283872283e+01 6.177033399e+00 1.477734533e+00
1.283119604e+01 7.408094490e+00 1.598082794e+00
1.389083814e+01 -6.786051578e+00 1.739948748e+00
1.389824022e+01 -5.555182660e+00 1.630856034e+00
1.390416757e+01 -4.322540324e+00 1.543414071e+00
1.390861639e+01 -3.088516700e+00 1.477734533e+00
1.391158386e+01 -1.853505389e+00 1.433901409e+00
1.391306807e+01 -6.179010459e-01 1.411970804e+00
1.391306807e+01 6.179010459e-01 1.411970804e+00
1.391158386e+01 1.853505389e+00 1.433901409e+00
1.390861639e+01 3.088516700e+00 1.477734533e+00
1.390416757e+01 4.322540324e+00 1.543414071e+00
1.389824022e+01 5.555182660e+00 1.630856034e+00
1.389083814e+01 6.786051578e+00 1.739948748e+00
1.388196604e+01 8.014756831e+00 1.870553120e+00
1.493867800e+01 -7.392728372e+00 2.022502970e+00
1.494742285e+01 -6.164213289e+00 1.903152007e+00
1.495458534e+01 -4.933733641e+00 1.805292729e+00
1.496016091e+01 -3.701679827e+00 1.729049949e+00
1.496414601e+01 -2.468443922e+00 1.674521058e+00
1.496653809e+01 -1.234419256e+00 1.641775785e+00
1.496733562e+01 0.000000000e+00 1.630856034e+00
1.496653809e+01 1.234419256e+00 1.641775785e+00
1.496414601e+01 2.468443922e+00 1.674521058e+00
1.496016091e+01 3.701679827e+00 1.729049949e+00
1.495458534e+01 4.933733641e+00 1.805292729e+00
1.494742285e+01 6.164213289e+00 1.903152007e+00
1.493867800e+01 7.392728372e+00 2.022502970e+00
1.492835637e+01 8.618890570e+00 2.163193671e+00
1.598192626e+01 -7.996880169e+00 2.325045393e+00
1.599211766e+01 -6.770905853e+00 2.195605423e+00
1.600062043e+01 -5.542777507e+00 2.087485594e+00
1.600742916e+01 -4.312883649e+00 2.000823614e+00
1.601253951e+01 -3.081614665e+00 1.935730042e+00
1.601594822e+01 -1.849362404e+00 1.892288029e+00
1.601765312e+01 -6.165197562e-01 1.870553120e+00
1.601765312e+01 6.165197562e-01 1.870553120e+00
1.601594822e+01 1.849362404e+00 1.892288029e+00
1.601253951e+01 3.081614665e+00 1.935730042e+00
1.600742916e+01 4.312883649e+00 2.000823614e+00
1.600062043e+01 5.542777507e+00 2.087485594e+00
1.599211766e+01 6.770905853e+00 2.195605423e+00
1.598192626e+01 7.996880169e+00 2.325045393e+00
1.597005269e+01 9.220314220e+00 2.475640982e+00
1.703201136e+01 -7.375077257e+00 2.507853074e+00
1.704195779e+01 -6.149486822e+00 2.389641364e+00
1.705010441e+01 -4.921941187e+00 2.292716427e+00
1.705644607e+01 -3.692828899e+00 2.217201746e+00
1.706097871e+01 -2.462540163e+00 2.163193671e+00
1.706369945e+01 -1.231466434e+00 2.130761185e+00
1.706460656e+01 0.000000000e+00 2.119945747e+00
1.706369945e+01 1.231466434e+00 2.130761185e+00
1.706097871e+01 2.462540163e+00 2.163193671e+00
1.705644607e+01 3.692828899e+00 2.217201746e+00
1.705010441e+01 4.921941187e+00 2.292716427e+00
1.704195779e+01 6.149486822e+00 2.389641364e+00
1.703201136e+01 7.375077257e+00 2.507853074e+00
1.808787463e+01 -5.528667858e+00 2.604365956e+00
1.809555195e+01 -4.301900148e+00 2.518585865e+00
1.810131421e+01 -3.073764304e+00 2.454154815e+00
1.810515776e+01 -1.844650184e+00 2.411155011e+00
1.810708015e+01 -6.149486822e-01 2.389641364e+00
1.810708015e+01 6.149486822e-01 2.389641364e+00
1.810515776e+01 1.844650184e+00 2.411155011e+00
1.810131421e+01 3.073764304e+00 2.454154815e+00
1.809555195e+01 4.301900148e+00 2.518585865e+00
1.808787463e+01 5.528667858e+00 2.604365956e+00
4.305288282e+00 3.728489023e+00 2.361311637e-01
3.229312702e+00 4.350370634e+00 2.136882090e-01
2.152875134e+00 4.971852154e+00 2.136882090e-01
1.076322070e+00 5.592733534e+00 2.361311637e-01
0.000000000e+00 6.212815158e+00 2.809882501e-01
5.378724790e+00 4.347571487e+00 3.482018920e-01
4.303672107e+00 4.969452499e+00 3.146058632e-01
3.227927186e+00 5.590933889e+00 3.034023911e-01
2.151836053e+00 6.211815623e+00 3.146058632e-01
1.075744958e+00 6.831898051e+00 3.482018920e-01
0.000000000e+00 7.450982124e+00 4.041473507e-01
6.450319436e+00 4.965458217e+00 4.823704760e-01
5.376418567e+00 5.587338072e+00 4.376858976e-01
4.301595950e+00 6.208818949e+00 4.153292592e-01
3.226196962e+00 6.829700843e+00 4.153292592e-01
2.150567427e+00 7.449784096e+00 4.376858976e-01
1.075053239e+00 8.068869603e+00 4.823704760e-01
0.000000000e+00 8.686759028e+00 5.493256665e-01
7.519731504e+00 5.581953011e+00 6.384656490e-01
6.447210203e+00 6.203830911e+00 5.827710405e-01
5.373538568e+00 6.825310665e+00 5.493256665e-01
4.299061143e+00 7.446192324e+00 5.381724369e-01
3.224123141e+00 8.066276240e+00 5.493256665e-01
2.149070068e+00 8.685363275e+00 5.827710405e-01
1.074247358e+00 9.303255018e+00 6.384656490e-01
0.000000000e+00 9.919753995e+00 7.163380895e-01
8.586622628e+00 6.196861107e+00 8.162886383e-01
7.515707272e+00 6.818735969e+00 7.496763170e-01
6.443414098e+00 7.440213728e+00 7.052205925e-01
5.370086639e+00 8.061094513e+00 6.829784634e-01
4.296069311e+00 8.681178706e+00 6.829784634e-01
3.221707049e+00 9.300267160e+00 7.052205925e-01
2.147344935e+00 9.918161409e+00 7.496763170e-01
1.073327828e+00 1.053466388e+01 8.162886383e-01
0.000000000e+00 1.114957811e+01 9.049722290e-01
9.650657140e+00 6.809989386e+00 1.015613637e+00
8.581572517e+00 7.431859804e+00 9.381894890e-01
7.510883875e+00 8.053334393e+00 8.828155503e-01
6.438933552e+00 8.674213378e+00 8.495627628e-01
5.366064990e+00 9.294297199e+00 8.384737595e-01
4.292622368e+00 9.913386718e+00 8.495627628e-01
3.218950232e+00 1.053128344e+01 8.828155503e-01
2.145393129e+00 1.114778971e+01 9.381894890e-01
1.072295238e+00 1.176270894e+01 1.015613637e+00
0.000000000e+00 1.237584582e+01 1.114988915e+00
1.071150243e+01 7.421146571e+00 1.236188340e+00
9.644471524e+00 8.043010778e+00 1.148071558e+00
8.575611858e+00 8.664480676e+00 1.081885058e+00
7.505264397e+00 9.285356614e+00 1.037713554e+00
6.433771427e+00 9.905439107e+00 1.015613637e+00
5.361476189e+00 1.052452905e+01 1.015613637e+00
4.288722513e+00 1.114242794e+01 1.037713554e+00
3.215854447e+00 1.175893806e+01 1.081885058e+00
2.143215894e+00 1.237386273e+01 1.148071558e+00
1.071150243e+00 1.298700650e+01 1.236188340e+00
0.000000000e+00 1.359817532e+01 1.346122763e+00
1.176882926e+01 8.030143419e+00 1.477734533e+00
1.070407306e+01 8.651999248e+00 1.379057330e+00
9.637264986e+00 9.273462557e+00 1.302177169e+00
8.568744456e+00 9.894333837e+00 1.247192352e+00
7.498852424e+00 1.051441370e+01 1.214173262e+00
6.427931016e+00 1.113350311e+01 1.203162195e+00
5.356323160e+00 1.175140355e+01 1.214173262e+00
4.284372228e+00 1.236791730e+01 1.247192352e+00
3.212421662e+00 1.298284758e+01 1.302177169e+00
2.140814612e+00 1.359599882e+01 1.379057330e+00
1.069893569e+00 1.420717682e+01 1.477734533e+00
0.000000000e+00 1.481618898e+01 1.598082794e+00
1.282231213e+01 8.636792918e+00 1.739948748e+00
1.176004942e+01 9.258637767e+00 1.630856034e+00
1.069551351e+01 9.880092168e+00 1.543414071e+00
9.629042119e+00 1.050095678e+01 1.477734533e+00
8.560974685e+00 1.112103234e+01 1.433901409e+00
7.491652038e+00 1.174011987e+01 1.411970804e+00
6.421416033e+00 1.235802092e+01 1.411970804e+00
5.350609178e+00 1.297453773e+01 1.433901409e+00
4.279574275e+00 1.358947348e+01 1.477734533e+00
3.208654053e+00 1.420263249e+01 1.543414071e+00
2.138190803e+00 1.481382043e+01 1.630856034e+00
1.068526011e+00 1.542284450e+01 1.739948748e+00
0.000000000e+00 1.602951366e+01 1.870553120e+00
1.387162958e+01 9.240910465e+00 2.022502970e+00
1.281207673e+01 9.862741263e+00 1.903152007e+00
1.175003134e+01 1.048418399e+01 1.805292729e+00
1.068582922e+01 1.110503948e+01 1.729049949e+00
9.619808150e+00 1.172510863e+01 1.674521058e+00
8.552307480e+00 1.234419256e+01 1.641775785e+00
7.483667810e+00 1.296209287e+01 1.630856034e+00
6.414230610e+00 1.357861182e+01 1.641775785e+00
5.344337861e+00 1.419355255e+01 1.674521058e+00
4.274331689e+00 1.480671931e+01 1.729049949e+00
3.204554001e+00 1.541791763e+01 1.805292729e+00
2.135346121e+00 1.602695455e+01 1.903152007e+00
1.067048429e+00 1.663363884e+01 2.022502970e+00
0.000000000e+00 1.723778114e+01 2.163193671e+00
1.491646451e+01 9.842314054e+00 2.325045393e+00
1.385983530e+01 1.046412723e+01 2.195605423e+00
1.280049634e+01 1.108555501e+01 2.087485594e+00
1.173878138e+01 1.170639848e+01 2.000823614e+00
1.067502634e+01 1.232645866e+01 1.935730042e+00
9.609568934e+00 1.294553683e+01 1.892288029e+00
8.542748333e+00 1.356343464e+01 1.870553120e+00
7.474904791e+00 1.417995439e+01 1.870553120e+00
6.406379289e+00 1.479489923e+01 1.892288029e+00
5.337513170e+00 1.540807333e+01 1.935730042e+00
4.268647776e+00 1.601928213e+01 2.000823614e+00
3.200124086e+00 1.662833252e+01 2.087485594e+00
2.132282355e+00 1.723503308e+01 2.195605423e+00
1.065461750e+00 1.783919422e+01 2.325045393e+00
0.000000000e+00 1.844062844e+01 2.475640982e+00
1.490300994e+01 1.106261589e+01 2.507853074e+00
1.384659070e+01 1.168402496e+01 2.389641364e+00
1.278757831e+01 1.230485297e+01 2.292716427e+00
1.172630667e+01 1.292490114e+01 2.217201746e+00
1.066311169e+01 1.354397090e+01 2.163193671e+00
9.598330942e+00 1.416186399e+01 2.130761185e+00
8.532303280e+00 1.477838279e+01 2.119945747e+00
7.465368511e+00 1.539333043e+01 2.130761185e+00
6.397867017e+00 1.600651106e+01 2.163193671e+00
5.330139397e+00 1.661773004e+01 2.217201746e+00
4.262526104e+00 1.722679415e+01 2.292716427e+00
3.195367085e+00 1.783351178e+01 2.389641364e+00
2.129001420e+00 1.843769314e+01 2.507853074e+00
1.383190413e+01 1.290022500e+01 2.604365956e+00
1.277333079e+01 1.352025761e+01 2.518585865e+00
1.171261508e+01 1.413931580e+01 2.454154815e+00
1.065009280e+01 1.475720147e+01 2.411155011e+00
9.586101254e+00 1.537371705e+01 2.389641364e+00
8.520978893e+00 1.598866574e+01 2.389641364e+00
7.455064960e+00 1.660185165e+01 2.411155011e+00
6.388699133e+00 1.721308010e+01 2.454154815e+00
5.322221161e+00 1.782215776e+01 2.518585865e+00
4.255970502e+00 1.842889286e+01 2.604365956e+00
-1.076322070e+00 5.592733534e+00 2.361311637e-01
-2.152875134e+00 4.971852154e+00 2.136882090e-01
-3.229312702e+00 4.350370634e+00 2.136882090e-01
-4.305288282e+00 3.728489023e+00 2.361311637e-01
-5.380455756e+00 3.106407579e+00 2.809882501e-01
-1.075744958e+00 6.831898051e+00 3.482018920e-01
-2.151836053e+00 6.211815623e+00 3.146058632e-01
-3.227927186e+00 5.590933889e+00 3.034023911e-01
-4.303672107e+00 4.969452499e+00 3.146058632e-01
-5.378724790e+00 4.347571487e+00 3.482018920e-01
-6.452739802e+00 3.725491062e+00 4.041473507e-01
-1.075053239e+00 8.068869603e+00 4.823704760e-01
-2.150567427e+00 7.449784096e+00 4.376858976e-01
-3.226196962e+00 6.829700843e+00 4.153292592e-01
-4.301595950e+00 6.208818949e+00 4.153292592e-01
-5.376418567e+00 5.587338072e+00 4.376858976e-01
-6.450319436e+00 4.965458217e+00 4.823704760e-01
-7.522953995e+00 4.343379514e+00 5.493256665e-01
-1.074247358e+00 9.303255018e+00 6.384656490e-01
-2.149070068e+00 8.685363275e+00 5.827710405e-01
-3.224123141e+00 8.066276240e+00 5.493256665e-01
-4.299061143e+00 7.446192324e+00 5.381724369e-01
-5.373538568e+00 6.825310665e+00 5.493256665e-01
-6.447210203e+00 6.203830911e+00 5.827710405e-01
-7.519731504e+00 5.581953011e+00 6.384656490e-01
-8.590758959e+00 4.959876998e+00 7.163380895e-01
-1.073327828e+00 1.053466388e+01 8.162886383e-01
-2.147344935e+00 9.918161409e+00 7.496763170e-01
-3.221707049e+00 9.300267160e+00 7.052205925e-01
-4.296069311e+00 8.681178706e+00 6.829784634e-01
-5.370086639e+00 8.061094513e+00 6.829784634e-01
-6.443414098e+00 7.440213728e+00 7.052205925e-01
-7.515707272e+00 6.818735969e+00 7.496763170e-01
-8.586622628e+00 6.196861107e+00 8.162886383e-01
-9.655817885e+00 5.574789055e+00 9.049722290e-01
-1.072295238e+00 1.176270894e+01 1.015613637e+00
-2.145393129e+00 1.114778971e+01 9.381894890e-01
-3.218950232e+00 1.053128344e+01 8.828155503e-01
-4.292622368e+00 9.913386718e+00 8.495627628e-01
-5.366064990e+00 9.294297199e+00 8.384737595e-01
-6.438933552e+00 8.674213378e+00 8.495627628e-01
-7.510883875e+00 8.053334393e+00 8.828155503e-01
-8.581572517e+00 7.431859804e+00 9.381894890e-01
-9.650657140e+00 6.809989386e+00 1.015613637e+00
-1.071779687e+01 6.187922909e+00 1.114988915e+00
-1.071150243e+00 1.298700650e+01 1.236188340e+00
-2.143215894e+00 1.237386273e+01 1.148071558e+00
-3.215854447e+00 1.175893806e+01 1.081885058e+00
-4.288722513e+00 1.114242794e+01 1.037713554e+00
-5.361476189e+00 1.052452905e+01 1.015613637e+00
-6.433771427e+00 9.905439107e+00 1.015613637e+00
-7.505264397e+00 9.285356614e+00 1.037713554e+00
-8.575611858e+00 8.664480676e+00 1.081885058e+00
-9.644471524e+00 8.043010778e+00 1.148071558e+00
-1.071150243e+01 7.421146571e+00 1.236188340e+00
-1.177636528e+01 6.799087662e+00 1.346122763e+00
-1.069893569e+00 1.420717682e+01 1.477734533e+00
-2.140814612e+00 1.359599882e+01 1.379057330e+00
-3.212421662e+00 1.298284758e+01 1.302177169e+00
-4.284372228e+00 1.236791730e+01 1.247192352e+00
-5.356323160e+00 1.175140355e+01 1.214173262e+00
-6.427931016e+00 1.113350311e+01 1.203162195e+00
-7.498852424e+00 1.051441370e+01 1.214173262e+00
-8.568744456e+00 9.894333837e+00 1.247192352e+00
-9.637264986e+00 9.273462557e+00 1.302177169e+00
-1.070407306e+01 8.651999248e+00 1.379057330e+00
-1.176882926e+01 8.030143419e+00 1.477734533e+00
-1.283119604e+01 7.408094490e+00 1.598082794e+00
-1.068526011e+00 1.542284450e+01 1.739948748e+00
-2.138190803e+00 1.481382043e+01 1.630856034e+00
-3.208654053e+00 1.420263249e+01 1.543414071e+00
-4.279574275e+00 1.358947348e+01 1.477734533e+00
-5.350609178e+00 1.297453773e+01 1.433901409e+00
-6.421416033e+00 1.235802092e+01 1.411970804e+00
-7.491652038e+00 1.174011987e+01 1.411970804e+00
-8.560974685e+00 1.112103234e+01 1.433901409e+00
-9.629042119e+00 1.050095678e+01 1.477734533e+00
-1.069551351e+01 9.880092168e+00 1.543414071e+00
-1.176004942e+01 9.258637767e+00 1.630856034e+00
-1.282231213e+01 8.636792918e+00 1.739948748e+00
-1.388196604e+01 8.014756831e+00 1.870553120e+00
-1.067048429e+00 1.663363884e+01 2.022502970e+00
-2.135346121e+00 1.602695455e+01 1.903152007e+00
-3.204554001e+00 1.541791763e+01 1.805292729e+00
-4.274331689e+00 1.480671931e+01 1.729049949e+00
-5.344337861e+00 1.419355255e+01 1.674521058e+00
-6.414230610e+00 1.357861182e+01 1.641775785e+00
-7.483667810e+00 1.296209287e+01 1.630856034e+00
-8.552307480e+00 1.234419256e+01 1.641775785e+00
-9.619808150e+00 1.172510863e+01 1.674521058e+00
-1.068582922e+01 1.110503948e+01 1.729049949e+00
-1.175003134e+01 1.048418399e+01 1.805292729e+00
-1.281207673e+01 9.862741263e+00 1.903152007e+00
-1.387162958e+01 9.240910465e+00 2.022502970e+00
-1.492835637e+01 8.618890570e+00 2.163193671e+00
-1.065461750e+00 1.783919422e+01 2.325045393e+00
-2.132282355e+00 1.723503308e+01 2.195605423e+00
-3.200124086e+00 1.662833252e+01 2.087485594e+00
-4.268647776e+00 1.601928213e+01 2.000823614e+00
-5.337513170e+00 1.540807333e+01 1.935730042e+00
-6.406379289e+00 1.479489923e+01 1.892288029e+00
-7.474904791e+00 1.417995439e+01 1.870553120e+00
-8.542748333e+00 1.356343464e+01 1.870553120e+00
-9.609568934e+00 1.294553683e+01 1.892288029e+00
-1.067502634e+01 1.232645866e+01 1.935730042e+00
-1.173878138e+01 1.170639848e+01 2.000823614e+00
-1.280049634e+01 1.108555501e+01 2.087485594e+00
-1.385983530e+01 1.046412723e+01 2.195605423e+00
-1.491646451e+01 9.842314054e+00 2.325045393e+00
-1.597005269e+01 9.220314220e+00 2.475640982e+00
-2.129001420e+00 1.843769314e+01 2.507853074e+00
-3.195367085e+00 1.783351178e+01 2.389641364e+00
-4.262526104e+00 1.722679415e+01 2.292716427e+00
-5.330139397e+00 1.661773004e+01 2.217201746e+00
-6.397867017e+00 1.600651106e+01 2.163193671e+00
-7.465368511e+00 1.539333043e+01 2.130761185e+00
-8.532303280e+00 1.477838279e+01 2.119945747e+00
-9.598330942e+00 1.416186399e+01 2.130761185e+00
-1.066311169e+01 1.354397090e+01 2.163193671e+00
-1.172630667e+01 1.292490114e+01 2.217201746e+00
-1.278757831e+01 1.230485297e+01 2.292716427e+00
-1.384659070e+01 1.168402496e+01 2.389641364e+00
-1.490300994e+01 1.106261589e+01 2.507853074e+00
-4.255970502e+00 1.842889286e+01 2.604365956e+00
-5.322221161e+00 1.782215776e+01 2.518585865e+00
-6.388699133e+00 1.721308010e+01 2.454154815e+00
-7.455064960e+00 1.660185165e+01 2.411155011e+00
-8.520978893e+00 1.598866574e+01 2.389641364e+00
-9.586101254e+00 1.537371705e+01 2.389641364e+00
-1.065009280e+01 1.475720147e+01 2.411155011e+00
-1.171261508e+01 1.413931580e+01 2.454154815e+00
-1.277333079e+01 1.352025761e+01 2.518585865e+00
-1.383190413e+01 1.290022500e+01 2.604365956e+00
-5.381610352e+00 1.864244511e+00 2.361311637e-01
-5.382187836e+00 6.214815192e-01 2.136882090e-01
-5.382187836e+00 -6.214815192e-01 2.136882090e-01
-5.381610352e+00 -1.864244511e+00 2.361311637e-01
-5.380455756e+00 -3.106407579e+00 2.809882501e-01
-6.454469748e+00 2.484326564e+00 3.482018920e-01
-6.455508160e+00 1.242363125e+00 3.146058632e-01
-6.455854372e+00 0.000000000e+00 3.034023911e-01
-6.455508160e+00 -1.242363125e+00 3.146058632e-01
-6.454469748e+00 -2.484326564e+00 3.482018920e-01
-6.452739802e+00 -3.725491062e+00 4.041473507e-01
-7.525372675e+00 3.103411386e+00 4.823704760e-01
-7.526985993e+00 1.862446024e+00 4.376858976e-01
-7.527792912e+00 6.208818949e-01 4.153292592e-01
-7.527792912e+00 -6.208818949e-01 4.153292592e-01
-7.526985993e+00 -1.862446024e+00 4.376858976e-01
-7.525372675e+00 -3.103411386e+00 4.823704760e-01
-7.522953995e+00 -4.343379514e+00 5.493256665e-01
-8.593978862e+00 3.721302007e+00 6.384656490e-01
-8.596280271e+00 2.481532364e+00 5.827710405e-01
-8.597661708e+00 1.240965575e+00 5.493256665e-01
-8.598122286e+00 0.000000000e+00 5.381724369e-01
-8.597661708e+00 -1.240965575e+00 5.493256665e-01
-8.596280271e+00 -2.481532364e+00 5.827710405e-01
-8.593978862e+00 -3.721302007e+00 6.384656490e-01
-8.590758959e+00 -4.959876998e+00 7.163380895e-01
-9.659950456e+00 4.337802775e+00 8.162886383e-01
-9.663052207e+00 3.099425440e+00 7.496763170e-01
-9.665121147e+00 1.860053432e+00 7.052205925e-01
-9.666155950e+00 6.200841933e-01 6.829784634e-01
-9.666155950e+00 -6.200841933e-01 6.829784634e-01
-9.665121147e+00 -1.860053432e+00 7.052205925e-01
-9.663052207e+00 -3.099425440e+00 7.496763170e-01
-9.659950456e+00 -4.337802775e+00 8.162886383e-01
-9.655817885e+00 -5.574789055e+00 9.049722290e-01
-1.072295238e+01 4.952719554e+00 1.015613637e+00
-1.072696565e+01 3.715929902e+00 9.381894890e-01
-1.072983411e+01 2.477949044e+00 8.828155503e-01
-1.073155592e+01 1.239173340e+00 8.495627628e-01
-1.073212998e+01 0.000000000e+00 8.384737595e-01
-1.073155592e+01 -1.239173340e+00 8.495627628e-01
-1.072983411e+01 -2.477949044e+00 8.828155503e-01
-1.072696565e+01 -3.715929902e+00 9.381894890e-01
-1.072295238e+01 -4.952719554e+00 1.015613637e+00
-1.071779687e+01 -6.187922909e+00 1.114988915e+00
-1.178265267e+01 5.565859928e+00 1.236188340e+00
-1.178768742e+01 4.330851957e+00 1.148071558e+00
-1.179146631e+01 3.094457384e+00 1.081885058e+00
-1.179398691e+01 1.857071323e+00 1.037713554e+00
-1.179524762e+01 6.190899442e-01 1.015613637e+00
-1.179524762e+01 -6.190899442e-01 1.015613637e+00
-1.179398691e+01 -1.857071323e+00 1.037713554e+00
-1.179146631e+01 -3.094457384e+00 1.081885058e+00
-1.178768742e+01 -4.330851957e+00 1.148071558e+00
-1.178265267e+01 -5.565859928e+00 1.236188340e+00
-1.177636528e+01 -6.799087662e+00 1.346122763e+00
-1.283872283e+01 6.177033399e+00 1.477734533e+00
-1.284488767e+01 4.943999570e+00 1.379057330e+00
-1.284968665e+01 3.709385023e+00 1.302177169e+00
-1.285311668e+01 2.473583459e+00 1.247192352e+00
-1.285517558e+01 1.236989847e+00 1.214173262e+00
-1.285586203e+01 0.000000000e+00 1.203162195e+00
-1.285517558e+01 -1.236989847e+00 1.214173262e+00
-1.285311668e+01 -2.473583459e+00 1.247192352e+00
-1.284968665e+01 -3.709385023e+00 1.302177169e+00
-1.284488767e+01 -4.943999570e+00 1.379057330e+00
-1.283872283e+01 -6.177033399e+00 1.477734533e+00
-1.283119604e+01 -7.408094490e+00 1.598082794e+00
-1.389083814e+01 6.786051578e+00 1.739948748e+00
-1.389824022e+01 5.555182660e+00 1.630856034e+00
-1.390416757e+01 4.322540324e+00 1.543414071e+00
-1.390861639e+01 3.088516700e+00 1.477734533e+00
-1.391158386e+01 1.853505389e+00 1.433901409e+00
-1.391306807e+01 6.179010459e-01 1.411970804e+00
-1.391306807e+01 -6.179010459e-01 1.411970804e+00
-1.391158386e+01 -1.853505389e+00 1.433901409e+00
-1.390861639e+01 -3.088516700e+00 1.477734533e+00
-1.390416757e+01 -4.322540324e+00 1.543414071e+00
-1.389824022e+01 -5.555182660e+00 1.630856034e+00
-1.389083814e+01 -6.786051578e+00 1.739948748e+00
-1.388196604e+01 -8.014756831e+00 1.870553120e+00
-1.493867800e+01 7.392728372e+00 2.022502970e+00
-1.494742285e+01 6.164213289e+00 1.903152007e+00
-1.495458534e+01 4.933733641e+00 1.805292729e+00
-1.496016091e+01 3.701679827e+00 1.729049949e+00
-1.496414601e+01 2.468443922e+00 1.674521058e+00
-1.496653809e+01 1.234419256e+00 1.641775785e+00
-1.496733562e+01 0.000000000e+00 1.630856034e+00
-1.496653809e+01 -1.234419256e+00 1.641775785e+00
-1.496414601e+01 -2.468443922e+00 1.674521058e+00
-1.496016091e+01 -3.701679827e+00 1.729049949e+00
-1.495458534e+01 -4.933733641e+00 1.805292729e+00
-1.494742285e+01 -6.164213289e+00 1.903152007e+00
-1.493867800e+01 -7.392728372e+00 2.022502970e+00
-1.492835637e+01 -8.618890570e+00 2.163193671e+00
-1.598192626e+01 7.996880169e+00 2.325045393e+00
-1.599211766e+01 6.770905853e+00 2.195605423e+00
-1.600062043e+01 5.542777507e+00 2.087485594e+00
-1.600742916e+01 4.312883649e+00 2.000823614e+00
-1.601253951e+01 3.081614665e+00 1.935730042e+00
-1.601594822e+01 1.849362404e+00 1.892288029e+00
-1.601765312e+01 6.165197562e-01 1.870553120e+00
-1.601765312e+01 -6.165197562e-01 1.870553120e+00
-1.601594822e+01 -1.849362404e+00 1.892288029e+00
-1.601253951e+01 -3.081614665e+00 1.935730042e+00
-1.600742916e+01 -4.312883649e+00 2.000823614e+00
-1.600062043e+01 -5.542777507e+00 2.087485594e+00
-1.599211766e+01 -6.770905853e+00 2.195605423e+00
-1.598192626e+01 -7.996880169e+00 2.325045393e+00
-1.597005269e+01 -9.220314220e+00 2.475640982e+00
-1.703201136e+01 7.375077257e+00 2.507853074e+00
-1.704195779e+01 6.149486822e+00 2.389641364e+00
-1.705010441e+01 4.921941187e+00 2.292716427e+00
-1.705644607e+01 3.692828899e+00 2.217201746e+00
-1.706097871e+01 2.462540163e+00 2.163193671e+00
-1.706369945e+01 1.231466434e+00 2.130761185e+00
-1.706460656e+01 0.000000000e+00 2.119945747e+00
-1.706369945e+01 -1.231466434e+00 2.130761185e+00
-1.706097871e+01 -2.462540163e+00 2.163193671e+00
-1.705644607e+01 -3.692828899e+00 2.217201746e+00
-1.705010441e+01 -4.921941187e+00 2.292716427e+00
-1.704195779e+01 -6.149486822e+00 2.389641364e+00
-1.703201136e+01 -7.375077257e+00 2.507853074e+00
-1.808787463e+01 5.528667858e+00 2.604365956e+00
-1.809555195e+01 4.301900148e+00 2.518585865e+00
-1.810131421e+01 3.073764304e+00 2.454154815e+00
-1.810515776e+01 1.844650184e+00 2.411155011e+00
-1.810708015e+01 6.149486822e-01 2.389641364e+00
-1.810708015e+01 -6.149486822e-01 2.389641364e+00
-1.810515776e+01 -1.844650184e+00 2.411155011e+00
-1.810131421e+01 -3.073764304e+00 2.454154815e+00
-1.809555195e+01 -4.301900148e+00 2.518585865e+00
-1.808787463e+01 -5.528667858e+00 2.604365956e+00
-4.305288282e+00 -3.728489023e+00 2.361311637e-01
-3.229312702e+00 -4.350370634e+00 2.136882090e-01
-2.152875134e+00 -4.971852154e+00 2.136882090e-01
-1.076322070e+00 -5.592733534e+00 2.361311637e-01
0.000000000e+00 -6.212815158e+00 2.809882501e-01
-5.378724790e+00 -4.347571487e+00 3.482018920e-01
-4.303672107e+00 -4.969452499e+00 3.146058632e-01
-3.227927186e+00 -5.590933889e+00 3.034023911e-01
-2.151836053e+00 -6.211815623e+00 3.146058632e-01
-1.075744958e+00 -6.831898051e+00 3.482018920e-01
0.000000000e+00 -7.450982124e+00 4.041473507e-01
-6.450319436e+00 -4.965458217e+00 4.823704760e-01
-5.376418567e+00 -5.587338072e+00 4.376858976e-01
-4.301595950e+00 -6.208818949e+00 4.153292592e-01
-3.226196962e+00 -6.829700843e+00 4.153292592e-01
-2.150567427e+00 -7.449784096e+00 4.376858976e-01
-1.075053239e+00 -8.068869603e+00 4.823704760e-01
0.000000000e+00 -8.686759028e+00 5.493256665e-01
-7.519731504e+00 -5.581953011e+00 6.384656490e-01
-6.447210203e+00 -6.203830911e+00 5.827710405e-01
-5.373538568e+00 -6.825310665e+00 5.493256665e-01
-4.299061143e+00 -7.446192324e+00 5.381724369e-01
-3.224123141e+00 -8.066276240e+00 5.493256665e-01
-2.149070068e+00 -8.685363275e+00 5.827710405e-01
-1.074247358e+00 -9.303255018e+00 6.384656490e-01
0.000000000e+00 -9.919753995e+00 7.163380895e-01
-8.586622628e+00 -6.196861107e+00 8.162886383e-01
-7.515707272e+00 -6.818735969e+00 7.496763170e-01
-6.443414098e+00 -7.440213728e+00 7.052205925e-01
-5.370086639e+00 -8.061094513e+00 6.829784634e-01
-4.296069311e+00 -8.681178706e+00 6.829784634e-01
-3.221707049e+00 -9.300267160e+00 7.052205925e-01
-2.147344935e+00 -9.918161409e+00 7.496763170e-01
-1.073327828e+00 -1.053466388e+01 8.162886383e-01
0.000000000e+00 -1.114957811e+01 9.049722290e-01
-9.650657140e+00 -6.809989386e+00 1.015613637e+00
-8.581572517e+00 -7.431859804e+00 9.381894890e-01
-7.510883875e+00 -8.053334393e+00 8.828155503e-01
-6.438933552e+00 -8.674213378e+00 8.495627628e-01
-5.366064990e+00 -9.294297199e+00 8.384737595e-01
-4.292622368e+00 -9.913386718e+00 8.495627628e-01
-3.218950232e+00 -1.053128344e+01 8.828155503e-01
-2.145393129e+00 -1.114778971e+01 9.381894890e-01
-1.072295238e+00 -1.176270894e+01 1.015613637e+00
0.000000000e+00 -1.237584582e+01 1.114988915e+00
-1.071150243e+01 -7.421146571e+00 1.236188340e+00
-9.644471524e+00 -8.043010778e+00 1.148071558e+00
-8.575611858e+00 -8.664480676e+00 1.081885058e+00
-7.505264397e+00 -9.285356614e+00 1.037713554e+00
-6.433771427e+00 -9.905439107e+00 1.015613637e+00
-5.361476189e+00 -1.052452905e+01 1.015613637e+00
-4.288722513e+00 -1.114242794e+01 1.037713554e+00
-3.215854447e+00 -1.175893806e+01 1.081885058e+00
-2.143215894e+00 -1.237386273e+01 1.148071558e+00
-1.071150243e+00 -1.298700650e+01 1.236188340e+00
0.000000000e+00 -1.359817532e+01 1.346122763e+00
-1.176882926e+01 -8.030143419e+00 1.477734533e+00
-1.070407306e+01 -8.651999248e+00 1.379057330e+00
-9.637264986e+00 -9.273462557e+00 1.302177169e+00
-8.568744456e+00 -9.894333837e+00 1.247192352e+00
-7.498852424e+00 -1.051441370e+01 1.214173262e+00
-6.427931016e+00 -1.113350311e+01 1.203162195e+00
-5.356323160e+00 -1.175140355e+01 1.214173262e+00
-4.284372228e+00 -1.236791730e+01 1.247192352e+00
-3.212421662e+00 -1.298284758e+01 1.302177169e+00
-2.140814612e+00 -1.359599882e+01 1.379057330e+00
-1.069893569e+00 -1.420717682e+01 1.477734533e+00
0.000000000e+00 -1.481618898e+01 1.598082794e+00
-1.282231213e+01 -8.636792918e+00 1.739948748e+00
-1.176004942e+01 -9.258637767e+00 1.630856034e+00
-1.069551351e+01 -9.880092168e+00 1.543414071e+00
-9.629042119e+00 -1.050095678e+01 1.477734533e+00
-8.560974685e+00 -1.112103234e+01 1.433901409e+00
-7.491652038e+00 -1.174011987e+01 1.411970804e+00
-6.421416033e+00 -1.235802092e+01 1.411970804e+00
-5.350609178e+00 -1.297453773e+01 1.433901409e+00
-4.279574275e+00 -1.358947348e+01 1.477734533e+00
-3.208654053e+00 -1.420263249e+01 1.543414071e+00
-2.138190803e+00 -1.481382043e+01 1.630856034e+00
-1.068526011e+00 -1.542284450e+01 1.739948748e+00
0.000000000e+00 -1.602951366e+01 1.870553120e+00
-1.387162958e+01 -9.240910465e+00 2.022502970e+00
-1.281207673e+01 -9.862741263e+00 1.903152007e+00
-1.175003134e+01 -1.048418399e+01 1.805292729e+00
-1.068582922e+01 -1.110503948e+01 1.729049949e+00
-9.619808150e+00 -1.172510863e+01 1.674521058e+00
-8.552307480e+00 -1.234419256e+01 1.641775785e+00
-7.483667810e+00 -1.296209287e+01 1.630856034e+00
-6.414230610e+00 -1.357861182e+01 1.641775785e+00
-5.344337861e+00 -1.419355255e+01 1.674521058e+00
-4.274331689e+00 -1.480671931e+01 1.729049949e+00
-3.204554001e+00 -1.541791763e+01 1.805292729e+00
-2.135346121e+00 -1.602695455e+01 1.903152007e+00
-1.067048429e+00 -1.663363884e+01 2.022502970e+00
0.000000000e+00 -1.723778114e+01 2.163193671e+00
-1.491646451e+01 -9.842314054e+00 2.325045393e+00
-1.385983530e+01 -1.046412723e+01 2.195605423e+00
-1.280049634e+01 -1.108555501e+01 2.087485594e+00
-1.173878138e+01 -1.170639848e+01 2.000823614e+00
-1.067502634e+01 -1.232645866e+01 1.935730042e+00
-9.609568934e+00 -1.294553683e+01 1.892288029e+00
-8.542748333e+00 -1.356343464e+01 1.870553120e+00
-7.474904791e+00 -1.417995439e+01 1.870553120e+00
-6.406379289e+00 -1.479489923e+01 1.892288029e+00
-5.337513170e+00 -1.540807333e+01 1.935730042e+00
-4.268647776e+00 -1.601928213e+01 2.000823614e+00
-3.200124086e+00 -1.662833252e+01 2.087485594e+00
-2.132282355e+00 -1.723503308e+01 2.195605423e+00
-1.065461750e+00 -1.783919422e+01 2.325045393e+00
0.000000000e+00 -1.844062844e+01 2.475640982e+00
-1.490300994e+01 -1.106261589e+01 2.507853074e+00
-1.384659070e+01 -1.168402496e+01 2.389641364e+00
-1.278757831e+01 -1.230485297e+01 2.292716427e+00
-1.172630667e+01 -1.292490114e+01 2.217201746e+00
-1.066311169e+01 -1.354397090e+01 2.163193671e+00
-9.598330942e+00 -1.416186399e+01 2.130761185e+00
-8.532303280e+00 -1.477838279e+01 2.119945747e+00
-7.465368511e+00 -1.539333043e+01 2.130761185e+00
-6.397867017e+00 -1.600651106e+01 2.163193671e+00
-5.330139397e+00 -1.661773004e+01 2.217201746e+00
-4.262526104e+00 -1.722679415e+01 2.292716427e+00
-3.195367085e+00 -1.783351178e+01 2.389641364e+00
-2.129001420e+00 -1.843769314e+01 2.507853074e+00
-1.383190413e+01 -1.290022500e+01 2.604365956e+00
-1.277333079e+01 -1.352025761e+01 2.518585865e+00
-1.171261508e+01 -1.413931580e+01 2.454154815e+00
-1.065009280e+01 -1.475720147e+01 2.411155011e+00
-9.586101254e+00 -1.537371705e+01 2.389641364e+00
-8.520978893e+00 -1.598866574e+01 2.389641364e+00
-7.455064960e+00 -1.660185165e+01 2.411155011e+00
-6.388699133e+00 -1.721308010e+01 2.454154815e+00
-5.322221161e+00 -1.782215776e+01 2.518585865e+00
-4.255970502e+00 -1.842889286e+01 2.604365956e+00
1.076322070e+00 -5.592733534e+00 2.361311637e-01
2.152875134e+00 -4.971852154e+00 2.136882090e-01
3.229312702e+00 -4.350370634e+00 2.136882090e-01
4.305288282e+00 -3.728489023e+00 2.361311637e-01
5.380455756e+00 -3.106407579e+00 2.809882501e-01
1.075744958e+00 -6.831898051e+00 3.482018920e-01
2.151836053e+00 -6.211815623e+00 3.146058632e-01
3.227927186e+00 -5.590933889e+00 3.034023911e-01
4.303672107e+00 -4.969452499e+00 3.146058632e-01
5.378724790e+00 -4.347571487e+00 3.482018920e-01
6.452739802e+00 -3.725491062e+00 4.041473507e-01
1.075053239e+00 -8.068869603e+00 4.823704760e-01
2.150567427e+00 -7.449784096e+00 4.376858976e-01
3.226196962e+00 -6.829700843e+00 4.153292592e-01
4.301595950e+00 -6.208818949e+00 4.153292592e-01
5.376418567e+00 -5.587338072e+00 4.376858976e-01
6.450319436e+00 -4.965458217e+00 4.823704760e-01
7.522953995e+00 -4.343379514e+00 5.493256665e-01
1.074247358e+00 -9.303255018e+00 6.384656490e-01
2.149070068e+00 -8.685363275e+00 5.827710405e-01
3.224123141e+00 -8.066276240e+00 5.493256665e-01
4.299061143e+00 -7.446192324e+00 5.381724369e-01
5.373538568e+00 -6.825310665e+00 5.493256665e-01
6.447210203e+00 -6.203830911e+00 5.827710405e-01
7.519731504e+00 -5.581953011e+00 6.384656490e-01
8.590758959e+00 -4.959876998e+00 7.163380895e-01
1.073327828e+00 -1.053466388e+01 8.162886383e-01
2.147344935e+00 -9.918161409e+00 7.496763170e-01
3.221707049e+00 -9.300267160e+00 7.052205925e-01
4.296069311e+00 -8.681178706e+00 6.829784634e-01
5.370086639e+00 -8.061094513e+00 6.829784634e-01
6.443414098e+00 -7.440213728e+00 7.052205925e-01
7.515707272e+00 -6.818735969e+00 7.496763170e-01
8.586622628e+00 -6.196861107e+00 8.162886383e-01
9.655817885e+00 -5.574789055e+00 9.049722290e-01
1.072295238e+00 -1.176270894e+01 1.015613637e+00
2.145393129e+00 -1.114778971e+01 9.381894890e-01
3.218950232e+00 -1.053128344e+01 8.828155503e-01
4.292622368e+00 -9.913386718e+00 8.495627628e-01
5.366064990e+00 -9.294297199e+00 8.384737595e-01
6.438933552e+00 -8.674213378e+00 8.495627628e-01
7.510883875e+00 -8.053334393e+00 8.828155503e-01
8.581572517e+00 -7.431859804e+00 9.381894890e-01
9.650657140e+00 -6.809989386e+00 1.015613637e+00
1.071779687e+01 -6.187922909e+00 1.114988915e+00
1.071150243e+00 -1.298700650e+01 1.236188340e+00
2.143215894e+00 -1.237386273e+01 1.148071558e+00
3.215854447e+00 -1.175893806e+01 1.081885058e+00
4.288722513e+00 -1.114242794e+01 1.037713554e+00
5.361476189e+00 -1.052452905e+01 1.015613637e+00
6.433771427e+00 -9.905439107e+00 1.015613637e+00
7.505264397e+00 -9.285356614e+00 1.037713554e+00
8.575611858e+00 -8.664480676e+00 1.081885058e+00
9.644471524e+00 -8.043010778e+00 1.148071558e+00
1.071150243e+01 -7.421146571e+00 1.236188340e+00
1.177636528e+01 -6.799087662e+00 1.346122763e+00
1.069893569e+00 -1.420717682e+01 1.477734533e+00
2.140814612e+00 -1.359599882e+01 1.379057330e+00
3.212421662e+00 -1.298284758e+01 1.302177169e+00
4.284372228e+00 -1.236791730e+01 1.247192352e+00
5.356323160e+00 -1.175140355e+01 1.214173262e+00
6.427931016e+00 -1.113350311e+01 1.203162195e+00
7.498852424e+00 -1.051441370e+01 1.214173262e+00
8.568744456e+00 -9.894333837e+00 1.247192352e+00
9.637264986e+00 -9.273462557e+00 1.302177169e+00
1.070407306e+01 -8.651999248e+00 1.379057330e+00
1.176882926e+01 -8.030143419e+00 1.477734533e+00
1.283119604e+01 -7.408094490e+00 1.598082794e+00
1.068526011e+00 -1.542284450e+01 1.739948748e+00
2.138190803e+00 -1.481382043e+01 1.630856034e+00
3.208654053e+00 -1.420263249e+01 1.543414071e+00
4.279574275e+00 -1.358947348e+01 1.477734533e+00
5.350609178e+00 -1.297453773e+01 1.433901409e+00
6.421416033e+00 -1.235802092e+01 1.411970804e+00
7.491652038e+00 -1.174011987e+01 1.411970804e+00
8.560974685e+00 -1.112103234e+01 1.433901409e+00
9.629042119e+00 -1.050095678e+01 1.477734533e+00
1.069551351e+01 -9.880092168e+00 1.543414071e+00
1.176004942e+01 -9.258637767e+00 1.630856034e+00
1.282231213e+01 -8.636792918e+00 1.739948748e+00
1.388196604e+01 -8.014756831e+00 1.870553120e+00
1.067048429e+00 -1.663363884e+01 2.022502970e+00
2.135346121e+00 -1.602695455e+01 1.903152007e+00
3.204554001e+00 -1.541791763e+01 1.805292729e+00
4.274331689e+00 -1.480671931e+01 1.729049949e+00
5.344337861e+00 -1.419355255e+01 1.674521058e+00
6.414230610e+00 -1.357861182e+01 1.641775785e+00
7.483667810e+00 -1.296209287e+01 1.630856034e+00
8.552307480e+00 -1.234419256e+01 1.641775785e+00
9.619808150e+00 -1.172510863e+01 1.674521058e+00
1.068582922e+01 -1.110503948e+01 1.729049949e+00
1.175003134e+01 -1.048418399e+01 1.805292729e+00
1.281207673e+01 -9.862741263e+00 1.903152007e+00
1.387162958e+01 -9.240910465e+00 2.022502970e+00
1.492835637e+01 -8.618890570e+00 2.163193671e+00
1.065461750e+00 -1.783919422e+01 2.325045393e+00
2.132282355e+00 -1.723503308e+01 2.195605423e+00
3.200124086e+00 -1.662833252e+01 2.087485594e+00
4.268647776e+00 -1.601928213e+01 2.000823614e+00
5.337513170e+00 -1.540807333e+01 1.935730042e+00
6.406379289e+00 -1.479489923e+01 1.892288029e+00
7.474904791e+00 -1.417995439e+01 1.870553120e+00
8.542748333e+00 -1.356343464e+01 1.870553120e+00
9.609568934e+00 -1.294553683e+01 1.892288029e+00
1.067502634e+01 -1.232645866e+01 1.935730042e+00
1.173878138e+01 -1.170639848e+01 2.000823614e+00
1.280049634e+01 -1.108555501e+01 2.087485594e+00
1.385983530e+01 -1.046412723e+01 2.195605423e+00
1.491646451e+01 -9.842314054e+00 2.325045393e+00
1.597005269e+01 -9.220314220e+00 2.475640982e+00
2.129001420e+00 -1.843769314e+01 2.507853074e+00
3.195367085e+00 -1.783351178e+01 2.389641364e+00
4.262526104e+00 -1.722679415e+01 2.292716427e+00
5.330139397e+00 -1.661773004e+01 2.217201746e+00
6.397867017e+00 -1.600651106e+01 2.163193671e+00
7.465368511e+00 -1.539333043e+01 2.130761185e+00
8.532303280e+00 -1.477838279e+01 2.119945747e+00
9.598330942e+00 -1.416186399e+01 2.130761185e+00
1.066311169e+01 -1.354397090e+01 2.163193671e+00
1.172630667e+01 -1.292490114e+01 2.217201746e+00
1.278757831e+01 -1.230485297e+01 2.292716427e+00
1.384659070e+01 -1.168402496e+01 2.389641364e+00
1.490300994e+01 -1.106261589e+01 2.507853074e+00
4.255970502e+00 -1.842889286e+01 2.604365956e+00
5.322221161e+00 -1.782215776e+01 2.518585865e+00
6.388699133e+00 -1.721308010e+01 2.454154815e+00
7.455064960e+00 -1.660185165e+01 2.411155011e+00
8.520978893e+00 -1.598866574e+01 2.389641364e+00
9.586101254e+00 -1.537371705e+01 2.389641364e+00
1.065009280e+01 -1.475720147e+01 2.411155011e+00
1.171261508e+01 -1.413931580e+01 2.454154815e+00
1.277333079e+01 -1.352025761e+01 2.518585865e+00
1.383190413e+01 -1.290022500e+01 2.604365956e+00
