2017 03 14 19 48 44 0.59
2017 03 14 19 50 13 0.37
2017 03 14 19 51 42 0.48
2017 03 14 19 54 41 0.29
2017 03 14 19 56 10 0.47
2017 03 14 19 57 39 0.51
2017 03 14 20 00 38 0.59
2017 03 14 20 02 07 0.44
2017 03 14 20 03 36 0.20
2017 03 14 20 05 05 0.30
2017 03 14 20 06 35 0.46
2017 03 14 20 08 04 0.34
2017 03 14 20 09 33 0.26
2017 03 14 20 11 03 0.38
2017 03 14 20 12 33 0.34
2017 03 14 20 14 02 0.37
2017 03 14 20 15 31 0.29
2017 03 14 20 17 01 0.31
2017 03 14 20 18 30 0.41
2017 03 14 20 20 00 0.34
2017 03 14 20 21 29 0.43
2017 03 14 20 22 59 0.43
2017 03 14 20 24 30 0.30
2017 03 14 20 25 59 0.25
2017 03 14 20 27 29 0.25
2017 03 14 20 28 59 0.40
2017 03 14 20 30 29 0.28
2017 03 14 20 31 58 0.31
2017 03 14 20 34 58 0.30
2017 03 14 20 40 32 0.40
2017 03 14 20 42 01 0.44
2017 03 14 20 43 30 0.24
2017 03 14 20 45 00 0.25
2017 03 14 20 47 59 0.15
2017 03 14 20 49 29 0.25
2017 03 14 20 50 59 0.23
2017 03 14 20 52 29 0.32
2017 03 14 20 53 59 0.32
2017 03 14 20 55 29 0.26
2017 03 14 20 57 00 0.20
2017 03 14 20 58 29 0.27
2017 03 14 20 59 59 0.33
2017 03 14 21 01 29 0.22
2017 03 14 21 03 00 0.21
2017 03 14 21 04 29 0.12
2017 03 14 21 05 59 0.24
2017 03 14 21 07 30 0.33
2017 03 14 21 09 00 0.31
2017 03 14 21 10 29 0.29
2017 03 14 21 11 59 0.31
2017 03 14 21 13 29 0.21
2017 03 14 21 14 59 0.23
2017 03 14 21 16 30 0.20
2017 03 14 21 18 00 0.27
2017 03 14 21 19 30 0.31
2017 03 14 21 25 52 0.20
2017 03 14 21 27 22 0.42
2017 03 14 21 28 53 0.33
2017 03 14 21 30 24 0.40
2017 03 14 21 31 53 0.36
2017 03 14 21 34 55 0.33
2017 03 14 21 36 25 0.36
2017 03 14 21 37 56 0.26
2017 03 14 21 39 26 0.25
2017 03 14 21 40 56 0.30
2017 03 14 21 43 56 0.29
2017 03 14 21 45 26 0.35
2017 03 14 21 46 56 0.29
2017 03 14 21 48 26 0.32
2017 03 14 21 49 56 0.31
2017 03 14 21 51 27 0.17
2017 03 14 21 52 58 0.19
2017 03 14 21 54 29 0.28
2017 03 14 21 55 59 0.29
2017 03 14 21 58 59 0.16
2017 03 14 22 02 00 0.25
2017 03 14 22 03 31 0.11
2017 03 14 22 06 31 0.23
2017 03 14 22 08 02 0.25
2017 03 14 22 09 32 0.25
2017 03 14 22 11 03 0.23
2017 03 14 22 12 34 0.25
2017 03 14 22 15 34 0.28
2017 03 14 22 17 04 0.31
2017 03 14 22 18 34 0.31
2017 03 14 22 21 34 0.29
2017 03 14 22 23 04 0.23
2017 03 14 22 24 35 0.33
2017 03 14 22 26 06 0.25
2017 03 14 22 27 36 0.37
2017 03 14 22 29 07 0.46
2017 03 14 22 30 37 0.55
2017 03 14 22 32 07 0.31
2017 03 14 22 33 38 0.46
2017 03 14 22 35 08 0.41
2017 03 14 22 36 38 0.52
2017 03 14 22 38 09 0.49
2017 03 14 22 39 39 0.63
2017 03 14 22 41 10 0.57
2017 03 14 22 42 39 0.43
2017 03 14 22 44 10 0.37
2017 03 14 22 45 40 0.41
2017 03 14 22 47 10 0.27
2017 03 14 22 49 10 0.39
2017 03 14 22 50 41 0.28
2017 03 14 22 53 40 0.18
2017 03 14 22 55 11 0.13
2017 03 14 22 56 41 0.21
2017 03 14 22 58 11 0.25
2017 03 14 22 59 41 0.06
2017 03 14 23 01 12 0.15
2017 03 14 23 02 42 0.17
2017 03 14 23 05 43 0.11
2017 03 14 23 07 13 0.09
2017 03 14 23 08 44 0.20
2017 03 14 23 10 14 0.17
2017 03 14 23 11 45 0.16
2017 03 14 23 13 16 0.17
2017 03 14 23 14 47 0.14
2017 03 14 23 16 18 0.09
2017 03 14 23 17 49 0.14
2017 03 14 23 20 51 0.26
2017 03 14 23 22 21 0.21
2017 03 14 23 23 54 0.26
2017 03 14 23 26 55 0.13
2017 03 14 23 28 26 0.20
2017 03 14 23 29 56 0.20
2017 03 14 23 31 28 0.20
2017 03 14 23 32 58 0.14
2017 03 14 23 34 29 0.16
2017 03 14 23 39 45 0.20
2017 03 14 23 41 16 0.24
2017 03 14 23 42 46 0.22
2017 03 14 23 45 49 0.19
2017 03 14 23 47 19 0.19
2017 03 14 23 48 50 0.29
2017 03 14 23 50 21 0.31
2017 03 14 23 51 52 0.21
2017 03 14 23 53 23 0.21
2017 03 14 23 54 54 0.24
2017 03 14 23 56 25 0.20
2017 03 14 23 57 56 0.20
2017 03 15 00 00 58 0.20
2017 03 15 00 04 00 0.25
2017 03 15 00 05 32 0.24
2017 03 15 00 07 04 0.32
2017 03 15 00 08 34 0.23
2017 03 15 00 11 36 0.28
2017 03 15 00 13 07 0.27
2017 03 15 00 14 37 0.33
2017 03 15 00 16 08 0.33
2017 03 15 00 17 39 0.35
2017 03 15 00 20 42 0.28
2017 03 15 00 23 44 0.30
2017 03 15 00 25 14 0.23
2017 03 15 00 26 46 0.28
2017 03 15 00 28 17 0.22
2017 03 15 00 29 48 0.28
2017 03 15 00 32 49 0.40
2017 03 15 00 34 20 0.31
2017 03 15 00 35 51 0.34
2017 03 15 00 37 22 0.28
2017 03 15 00 38 53 0.26
2017 03 15 00 40 24 0.27
2017 03 15 00 41 55 0.32
2017 03 15 00 48 36 0.41
2017 03 15 00 51 39 0.32
2017 03 15 00 53 10 0.31
2017 03 15 00 54 41 0.35
2017 03 15 00 56 13 0.30
2017 03 15 00 57 43 0.37
2017 03 15 00 59 14 0.32
2017 03 15 01 00 46 0.36
2017 03 15 01 03 48 0.33
2017 03 15 01 05 19 0.38
2017 03 15 01 06 48 0.40
2017 03 15 01 08 20 0.41
2017 03 15 01 09 51 0.33
2017 03 15 01 11 23 0.41
2017 03 15 01 12 53 0.42
2017 03 15 01 14 25 0.40
2017 03 15 01 15 58 0.32
2017 03 15 01 17 29 0.43
2017 03 15 01 19 00 0.34
2017 03 15 01 20 31 0.41
2017 03 15 01 23 34 0.30
2017 03 15 01 26 36 0.35
2017 03 15 01 28 07 0.36
2017 03 15 01 33 34 0.28
2017 03 15 01 40 11 0.37
2017 03 15 01 41 43 0.33
2017 03 15 01 44 44 0.36
2017 03 15 01 47 47 0.30
2017 03 15 01 50 49 0.38
2017 03 15 01 53 51 0.27
2017 03 15 01 55 22 0.26
2017 03 15 01 56 54 0.20
2017 03 15 01 58 25 0.23
2017 03 15 01 59 56 0.23
2017 03 15 02 02 59 0.26
2017 03 15 02 04 30 0.24
2017 03 15 02 06 02 0.26
2017 03 15 02 07 34 0.31
2017 03 15 02 10 36 0.32
2017 03 15 02 12 07 0.33
2017 03 15 02 13 39 0.33
2017 03 15 02 15 10 0.34
2017 03 15 02 16 41 0.40
2017 03 15 02 19 44 0.38
2017 03 15 02 21 16 0.42
2017 03 15 02 22 46 0.39
2017 03 15 02 24 18 0.41
2017 03 15 02 25 50 0.36
2017 03 15 02 27 20 0.46
2017 03 15 02 28 52 0.37
2017 03 15 02 31 56 0.29
2017 03 15 02 36 31 0.34
2017 03 15 02 38 02 0.36
2017 03 15 02 39 35 0.39
2017 03 15 02 41 06 0.37
2017 03 15 02 42 37 0.38
2017 03 15 02 44 10 0.50
2017 03 15 02 45 41 0.46
2017 03 15 02 47 12 0.44
2017 03 15 02 48 43 0.32
2017 03 15 02 50 15 0.36
2017 03 15 02 51 46 0.31
2017 03 15 02 54 49 0.29
2017 03 15 02 56 20 0.29
2017 03 15 02 57 52 0.28
2017 03 15 02 59 24 0.28
2017 03 15 03 00 56 0.27
2017 03 15 03 02 27 0.32
2017 03 15 03 03 59 0.40
2017 03 15 03 05 31 0.30
2017 03 15 03 07 02 0.32
2017 03 15 03 08 33 0.40
2017 03 15 03 11 38 0.40
2017 03 15 03 13 09 0.39
2017 03 15 03 14 41 0.40
2017 03 15 03 17 45 0.57
2017 03 15 03 20 48 0.45
2017 03 15 03 22 20 0.70
2017 03 15 03 27 31 0.55
2017 03 15 03 29 03 0.44
2017 03 15 03 30 34 0.48
2017 03 15 03 32 06 0.48
2017 03 15 03 33 37 0.40
2017 03 15 03 35 09 0.44
2017 03 15 03 36 40 0.50
2017 03 15 03 39 44 0.50
2017 03 15 03 41 16 0.51
2017 03 15 03 42 47 0.56
2017 03 15 03 45 52 0.43
2017 03 15 03 47 24 0.46
2017 03 15 03 48 55 0.41
2017 03 15 03 51 58 0.42
2017 03 15 03 53 30 0.33
2017 03 15 03 56 33 0.46
2017 03 15 03 58 05 0.40
2017 03 15 03 59 37 0.33
2017 03 15 04 01 09 0.40
2017 03 15 04 02 40 0.54
2017 03 15 04 05 44 0.44
2017 03 15 04 08 50 0.50
2017 03 15 04 10 22 0.40
2017 03 15 04 11 54 0.38
2017 03 15 04 14 59 0.27
2017 03 15 04 16 31 0.32
2017 03 15 04 18 02 0.30
2017 03 15 04 19 34 0.25
2017 03 15 04 21 07 0.24
2017 03 15 04 22 39 0.25
2017 03 15 04 25 42 0.26
2017 03 15 04 27 14 0.22
2017 03 15 04 28 46 0.27
2017 03 15 04 31 50 0.29
2017 03 15 04 33 22 0.43
2017 03 15 04 34 55 0.34
2017 03 15 04 36 27 0.41
2017 03 15 04 37 58 0.49
2017 03 15 04 39 31 0.45
2017 03 15 04 41 03 0.70
2017 03 15 04 42 35 0.51
2017 03 15 04 45 39 0.42
2017 03 15 04 47 11 0.49
2017 03 15 04 51 56 0.56
2017 03 15 04 55 00 0.47
2017 03 15 04 56 33 0.55
2017 03 15 04 58 05 0.45
2017 03 15 04 59 38 0.49
2017 03 15 05 02 43 0.55
2017 03 15 05 05 47 0.54
2017 03 15 05 07 19 0.60
2017 03 15 05 08 51 0.44
2017 03 15 05 11 56 0.50
2017 03 15 05 13 28 0.44
2017 03 15 05 15 00 0.31
2017 03 15 05 16 32 0.32
