2013 09 13 19 41 36 8.92e-22 4.88e-14 6.29e-14 2.26e-14 5.59e-16 1.07e-14 0.40
2013 09 13 19 43 08 2.31e-17 1.07e-13 5.17e-14 2.15e-14 3.39e-15 7.28e-15 0.47
2013 09 13 19 44 39 1.11e-21 3.07e-13 1.00e-13 1.68e-14 2.74e-15 9.37e-15 0.77
2013 09 13 19 46 11 1.18e-14 2.79e-13 7.95e-14 9.40e-15 7.53e-15 8.01e-15 0.73
2013 09 13 19 47 43 3.94e-17 2.36e-13 6.77e-14 1.88e-14 1.78e-15 8.83e-15 0.66
2013 09 13 19 49 13 1.35e-17 2.09e-13 5.45e-14 2.16e-14 3.43e-15 7.97e-15 0.61
2013 09 13 19 50 45 8.03e-25 1.81e-13 9.09e-14 2.70e-14 2.81e-15 9.94e-15 0.63
2013 09 13 19 52 16 1.04e-18 1.15e-13 7.63e-14 1.98e-14 1.14e-14 8.45e-15 0.53
2013 09 13 19 53 48 5.82e-23 2.51e-14 3.68e-14 1.87e-14 4.27e-16 8.09e-15 0.30
2013 09 13 19 55 19 1.92e-21 1.83e-15 1.40e-14 1.63e-14 2.65e-15 7.40e-15 0.19
2013 09 13 19 56 49 5.62e-24 3.43e-15 1.73e-14 1.98e-14 2.66e-15 1.00e-14 0.22
2013 09 13 19 58 20 1.79e-22 2.45e-14 6.47e-14 2.37e-14 1.93e-15 9.83e-15 0.36
2013 09 13 19 59 52 1.70e-22 1.34e-13 1.34e-13 2.67e-14 1.20e-15 1.11e-14 0.63
2013 09 13 20 01 23 2.74e-22 6.47e-14 1.14e-13 5.49e-15 4.90e-16 1.05e-14 0.48
2013 09 13 20 02 54 1.44e-23 2.21e-14 2.43e-14 1.66e-14 3.06e-15 9.90e-15 0.27
2013 09 13 20 04 27 1.38e-22 8.51e-24 8.69e-15 1.83e-14 1.36e-15 1.01e-14 0.18
2013 09 13 20 05 59 1.00e-23 2.51e-24 1.17e-14 1.59e-14 1.04e-15 9.19e-15 0.18
2013 09 13 20 07 30 6.99e-19 2.18e-14 3.29e-14 1.58e-14 7.31e-15 6.87e-15 0.29
2013 09 13 20 09 01 8.42e-23 1.58e-14 3.48e-14 2.24e-14 2.46e-15 1.06e-14 0.29
2013 09 13 20 10 32 1.58e-22 6.50e-15 1.59e-14 1.10e-14 6.85e-15 9.36e-15 0.21
2013 09 13 20 12 03 2.17e-22 1.25e-14 5.05e-14 7.63e-15 7.98e-15 1.01e-14 0.30
2013 09 13 20 13 32 1.38e-22 9.02e-16 1.00e-14 1.12e-14 1.37e-15 9.02e-15 0.16
2013 09 13 20 15 02 1.93e-21 3.03e-16 2.56e-15 1.05e-14 3.00e-15 1.00e-14 0.14
2013 09 13 20 16 34 1.39e-21 1.91e-21 1.46e-14 1.45e-14 1.39e-15 1.17e-14 0.19
2013 09 13 20 18 06 9.02e-22 3.36e-15 1.06e-14 1.59e-14 3.18e-15 1.32e-14 0.20
2013 09 13 20 19 36 1.98e-23 6.64e-15 3.36e-15 2.68e-14 1.48e-14 1.24e-14 0.24
2013 09 13 20 21 08 3.08e-23 3.04e-15 5.92e-16 1.16e-14 1.10e-14 9.66e-15 0.17
2013 09 13 20 22 40 9.63e-23 3.75e-23 5.95e-15 1.23e-14 1.05e-14 9.46e-15 0.18
2013 09 13 20 24 11 1.57e-21 1.23e-17 1.62e-14 6.37e-15 6.31e-15 8.82e-15 0.18
2013 09 13 20 25 43 3.07e-22 9.31e-15 1.36e-14 1.25e-14 2.40e-15 1.10e-14 0.21
2013 09 13 20 27 15 5.92e-22 3.31e-15 9.50e-15 1.08e-14 1.89e-15 1.05e-14 0.17
2013 09 13 20 28 48 1.21e-21 5.51e-15 1.08e-14 1.19e-14 2.02e-15 1.04e-14 0.19
2013 09 13 20 31 50 1.71e-21 1.84e-22 1.45e-14 1.39e-14 1.40e-15 1.23e-14 0.19
2013 09 13 20 33 22 1.86e-22 4.96e-15 9.27e-15 1.07e-14 1.58e-15 1.13e-14 0.18
2013 09 13 20 34 54 7.69e-23 2.37e-15 6.06e-15 1.32e-14 2.63e-15 1.25e-14 0.18
2013 09 13 20 36 26 3.28e-23 1.19e-14 1.96e-14 1.60e-14 1.84e-15 1.24e-14 0.24
2013 09 13 20 37 58 3.92e-22 4.44e-15 3.14e-14 2.30e-14 3.31e-15 1.30e-14 0.27
2013 09 13 20 39 30 5.41e-22 8.92e-15 4.71e-15 2.67e-14 3.92e-15 1.22e-14 0.23
2013 09 13 20 41 01 8.26e-24 1.07e-15 8.85e-15 1.80e-14 7.93e-15 1.03e-14 0.20
2013 09 13 20 42 33 2.42e-21 7.65e-23 7.50e-15 1.80e-14 1.96e-15 9.63e-15 0.18
2013 09 13 20 44 07 5.49e-23 5.53e-22 6.22e-15 1.85e-14 2.53e-15 1.01e-14 0.18
2013 09 13 20 45 38 3.79e-22 1.70e-21 2.65e-14 7.57e-15 2.70e-14 7.13e-15 0.25
2013 09 13 20 50 50 1.20e-23 1.26e-22 5.35e-15 1.37e-14 1.93e-15 9.83e-15 0.16
2013 09 13 20 52 21 1.11e-23 8.35e-15 7.19e-15 7.98e-15 6.31e-15 7.29e-15 0.18
2013 09 13 20 53 53 8.71e-23 2.57e-15 1.11e-14 1.13e-14 1.09e-15 8.53e-15 0.17
2013 09 13 20 55 25 3.26e-21 7.93e-15 4.81e-15 1.04e-14 3.27e-15 7.85e-15 0.17
2013 09 13 20 56 57 2.79e-23 1.64e-14 2.63e-15 9.72e-15 8.20e-16 6.72e-15 0.17
2013 09 13 21 02 11 1.88e-23 1.33e-14 1.19e-14 8.15e-15 4.30e-16 7.44e-15 0.19
2013 09 13 21 03 42 7.94e-22 2.98e-14 4.64e-15 6.76e-15 1.45e-15 7.11e-15 0.21
2013 09 13 21 05 14 9.49e-22 1.49e-14 2.51e-15 6.93e-15 9.85e-16 6.93e-15 0.16
2013 09 13 21 06 46 1.50e-21 4.07e-15 4.21e-15 6.85e-15 1.06e-15 7.83e-15 0.14
2013 09 13 21 08 16 1.43e-21 1.44e-14 8.51e-15 7.17e-15 9.37e-16 9.54e-15 0.19
2013 09 13 21 09 48 1.81e-21 6.78e-14 1.47e-15 6.22e-15 1.30e-14 1.23e-14 0.32
2013 09 13 21 11 20 7.11e-23 1.85e-14 4.04e-15 7.92e-15 3.19e-15 1.08e-14 0.20
2013 09 13 21 12 52 2.30e-21 1.32e-14 1.07e-14 6.27e-15 7.07e-16 9.96e-15 0.19
2013 09 13 21 14 23 2.09e-21 2.23e-14 4.05e-15 5.50e-15 3.92e-15 1.11e-14 0.20
2013 09 13 21 15 55 1.27e-22 2.65e-14 7.85e-15 8.63e-15 2.71e-15 1.02e-14 0.23
2013 09 13 21 17 27 9.75e-22 1.38e-14 2.78e-16 7.59e-15 4.50e-15 9.08e-15 0.17
2013 09 13 21 18 59 1.88e-21 2.21e-14 3.45e-15 8.36e-15 6.61e-16 1.04e-14 0.20
2013 09 13 21 20 59 7.78e-22 1.88e-14 2.26e-15 7.58e-15 1.31e-15 9.13e-15 0.18
2013 09 13 21 22 32 1.51e-23 3.57e-14 1.07e-14 6.70e-15 1.93e-15 1.05e-14 0.25
2013 09 13 21 24 06 2.26e-22 3.12e-14 1.01e-14 1.26e-14 4.22e-15 1.55e-14 0.27
2013 09 13 21 25 38 2.14e-22 2.02e-14 1.10e-14 9.38e-15 3.10e-15 1.54e-14 0.23
2013 09 13 21 27 09 4.25e-22 8.39e-15 1.07e-14 1.06e-14 1.63e-15 1.65e-14 0.21
2013 09 13 21 28 42 8.59e-22 6.43e-15 7.22e-15 8.42e-15 1.58e-15 1.44e-14 0.18
2013 09 13 21 30 14 1.55e-23 1.92e-14 3.57e-15 9.34e-15 3.80e-15 1.38e-14 0.21
2013 09 13 21 31 47 5.36e-21 2.38e-14 1.90e-17 4.64e-15 7.85e-15 1.61e-14 0.22
2013 09 13 21 33 19 6.16e-22 2.59e-22 6.02e-15 1.16e-14 1.82e-15 1.62e-14 0.17
2013 09 13 21 34 50 1.73e-21 2.18e-15 2.70e-15 8.08e-15 1.82e-15 1.31e-14 0.15
2013 09 13 21 36 22 2.29e-23 1.01e-14 7.15e-15 6.45e-15 9.77e-16 1.10e-14 0.17
2013 09 13 21 37 54 6.21e-19 1.55e-14 3.21e-15 1.20e-14 6.31e-15 1.21e-14 0.21
2013 09 13 21 39 27 4.00e-23 1.09e-14 3.51e-15 8.59e-15 3.28e-15 1.14e-14 0.18
2013 09 13 21 40 59 1.44e-21 2.56e-14 6.55e-15 1.24e-14 1.11e-15 1.05e-14 0.23
2013 09 13 21 42 30 3.95e-22 3.15e-14 8.11e-15 1.09e-14 4.29e-15 1.34e-14 0.25
2013 09 13 21 44 02 1.32e-21 1.69e-14 5.10e-15 1.34e-14 9.11e-15 1.28e-14 0.23
2013 09 13 21 45 33 1.29e-21 3.09e-14 8.82e-15 1.07e-14 7.73e-15 1.22e-14 0.26
2013 09 13 21 47 06 5.13e-22 1.27e-14 6.97e-15 1.34e-14 8.16e-15 1.23e-14 0.22
2013 09 13 21 48 37 5.61e-22 1.28e-14 6.74e-15 1.61e-14 5.43e-15 1.14e-14 0.22
2013 09 13 21 53 52 4.16e-23 3.88e-22 2.29e-22 1.48e-15 5.27e-15 1.00e-14 0.11
2013 09 13 21 55 25 3.17e-22 9.96e-19 1.62e-19 5.62e-15 9.80e-17 1.15e-14 0.11
2013 09 13 21 56 57 5.48e-24 8.55e-16 2.03e-16 2.63e-15 1.08e-15 1.34e-14 0.11
2013 09 13 21 58 29 3.63e-16 5.62e-15 5.28e-22 7.98e-16 1.03e-15 1.27e-14 0.12
2013 09 13 22 00 02 9.76e-16 1.22e-14 5.13e-15 1.74e-21 1.36e-17 1.30e-14 0.16
2013 09 13 22 01 34 1.45e-22 3.75e-16 1.34e-16 7.23e-15 6.18e-16 1.38e-14 0.13
2013 09 13 22 03 06 2.32e-14 3.29e-15 1.16e-16 2.62e-15 5.41e-15 1.17e-14 0.20
2013 09 13 22 04 38 5.03e-23 2.38e-15 1.60e-20 5.21e-15 3.53e-16 1.21e-14 0.12
2013 09 13 22 06 10 7.61e-23 1.18e-15 1.31e-21 3.34e-15 3.68e-16 1.26e-14 0.11
2013 09 13 22 07 40 1.81e-22 1.93e-21 7.11e-20 5.28e-15 2.16e-16 1.36e-14 0.12
2013 09 13 22 09 13 6.81e-20 2.92e-16 1.19e-18 7.97e-15 6.50e-16 1.48e-14 0.13
2013 09 13 22 10 45 2.60e-22 3.24e-23 3.13e-20 8.79e-15 2.09e-14 1.29e-14 0.19
2013 09 13 22 12 17 2.23e-21 1.85e-21 3.32e-20 6.39e-16 3.31e-14 1.05e-14 0.20
2013 09 13 22 13 49 7.10e-22 5.09e-22 8.83e-21 7.52e-16 2.25e-14 1.03e-14 0.17
2013 09 13 22 15 21 4.58e-22 1.05e-16 1.81e-19 2.66e-16 1.77e-14 9.16e-15 0.15
2013 09 13 22 16 53 1.22e-14 9.21e-15 4.82e-22 7.23e-16 1.24e-14 1.11e-14 0.20
2013 09 13 22 18 25 1.48e-21 2.23e-21 2.64e-22 1.29e-15 1.16e-15 1.26e-14 0.10
2013 09 13 22 19 58 1.00e-21 3.78e-19 1.71e-22 3.28e-15 1.38e-16 9.36e-15 0.09
2013 09 13 22 21 31 2.63e-22 1.88e-18 8.78e-23 3.31e-19 8.51e-16 8.12e-15 0.07
2013 09 13 22 23 03 6.24e-21 6.80e-22 1.75e-22 8.60e-23 9.22e-18 9.21e-15 0.08
2013 09 13 22 24 37 1.03e-15 2.58e-16 1.87e-23 1.04e-23 1.47e-21 7.95e-15 0.08
2013 09 13 22 26 08 1.00e-14 5.21e-16 9.84e-23 4.77e-23 2.19e-21 8.71e-15 0.12
2013 09 13 22 27 41 1.54e-21 1.50e-22 5.24e-23 9.68e-16 1.17e-17 1.21e-14 0.09
2013 09 13 22 29 43 7.27e-26 9.82e-22 1.64e-21 8.50e-22 9.55e-22 1.14e-14 0.09
2013 09 13 22 31 15 5.50e-19 1.17e-14 8.47e-22 2.74e-23 9.63e-16 1.17e-14 0.14
2013 09 13 22 32 48 7.97e-26 3.00e-16 8.04e-22 4.44e-22 4.82e-22 1.26e-14 0.09
2013 09 13 22 34 19 2.45e-25 1.39e-21 1.14e-21 1.30e-21 1.29e-22 1.19e-14 0.09
2013 09 13 22 35 50 5.98e-25 1.50e-15 7.60e-22 2.85e-22 5.21e-24 1.45e-14 0.11
2013 09 13 22 37 23 1.62e-21 3.14e-15 3.02e-19 2.29e-15 2.54e-16 1.47e-14 0.12
2013 09 13 22 38 54 2.65e-23 4.14e-22 6.58e-22 1.28e-15 1.76e-15 1.77e-14 0.12
2013 09 13 22 40 27 7.90e-24 2.76e-19 8.48e-22 1.42e-15 9.28e-15 1.04e-14 0.13
2013 09 13 22 41 59 1.49e-21 1.61e-15 3.24e-16 1.85e-15 3.40e-15 1.41e-14 0.13
2013 09 13 22 43 30 1.29e-21 4.13e-22 6.78e-22 1.75e-15 7.17e-17 1.28e-14 0.10
2013 09 13 22 45 03 4.31e-23 3.09e-16 8.01e-22 3.95e-15 1.03e-15 1.22e-14 0.11
2013 09 13 22 46 35 6.43e-22 8.65e-23 3.03e-22 2.40e-15 1.35e-16 1.27e-14 0.10
2013 09 13 22 48 07 2.43e-22 2.35e-21 2.20e-21 2.66e-15 1.14e-17 1.04e-14 0.09
2013 09 13 22 49 39 1.97e-21 4.76e-15 2.24e-20 6.64e-15 1.55e-16 8.34e-15 0.12
2013 09 13 22 51 12 1.83e-22 4.06e-19 1.27e-20 3.70e-15 4.22e-17 9.50e-15 0.09
2013 09 13 22 52 45 1.54e-20 8.33e-15 6.29e-23 3.23e-23 1.96e-21 7.88e-15 0.11
2013 09 13 22 54 17 1.83e-21 1.30e-21 2.43e-22 1.39e-22 1.50e-21 8.33e-15 0.07
2013 09 13 22 55 49 5.02e-23 3.57e-22 6.09e-19 5.99e-15 5.63e-16 1.20e-14 0.12
2013 09 13 22 58 53 3.71e-15 1.49e-14 4.92e-22 1.14e-15 2.65e-16 1.26e-14 0.16
2013 09 13 23 00 26 6.92e-22 3.16e-15 5.50e-20 4.30e-15 6.71e-16 1.35e-14 0.13
2013 09 13 23 01 59 1.79e-21 6.11e-20 4.96e-22 9.37e-15 5.86e-16 1.48e-14 0.14
2013 09 13 23 03 30 1.67e-21 7.94e-15 2.33e-21 1.13e-16 1.92e-16 1.57e-14 0.13
2013 09 13 23 05 01 3.45e-14 4.74e-22 9.50e-18 7.21e-15 4.01e-16 1.72e-14 0.23
2013 09 13 23 06 33 4.90e-23 1.06e-14 6.95e-16 2.92e-16 6.29e-15 1.63e-14 0.17
2013 09 13 23 08 06 8.12e-24 3.82e-23 5.61e-20 3.44e-16 1.77e-14 1.40e-14 0.16
2013 09 13 23 09 38 6.05e-22 2.19e-22 1.08e-19 8.96e-15 1.29e-15 1.68e-14 0.15
2013 09 13 23 11 11 1.78e-25 6.45e-22 2.26e-21 1.40e-21 1.30e-21 1.37e-14 0.10
2013 09 13 23 12 44 2.21e-19 1.11e-14 3.42e-22 1.88e-22 7.21e-22 1.06e-14 0.13
2013 09 13 23 14 45 3.58e-21 1.16e-14 1.94e-18 2.92e-15 9.27e-17 1.04e-14 0.14
2013 09 13 23 16 17 3.91e-14 3.13e-15 5.24e-15 2.31e-15 7.00e-16 1.06e-14 0.24
2013 09 13 23 17 49 7.81e-15 3.19e-15 2.16e-15 4.20e-15 2.70e-16 9.50e-15 0.15
2013 09 13 23 19 21 3.41e-19 1.67e-14 8.15e-22 9.25e-23 8.94e-16 9.88e-15 0.15
2013 09 13 23 20 54 1.13e-14 1.32e-21 2.57e-22 3.80e-15 9.16e-22 9.45e-15 0.14
2013 09 13 23 22 26 1.10e-21 4.06e-22 9.54e-23 4.83e-23 2.25e-21 7.66e-15 0.07
2013 09 13 23 23 58 6.19e-22 4.76e-22 6.52e-23 2.61e-23 1.77e-21 7.98e-15 0.07
2013 09 13 23 25 31 3.75e-22 1.17e-15 9.53e-23 5.35e-23 2.02e-21 8.35e-15 0.08
2013 09 13 23 28 37 1.83e-24 3.41e-15 7.87e-19 4.44e-15 2.31e-16 9.66e-15 0.11
2013 09 13 23 30 09 4.13e-14 1.03e-14 7.71e-15 2.09e-15 1.02e-21 1.01e-14 0.26
2013 09 13 23 31 42 7.14e-16 1.67e-14 1.75e-22 6.11e-15 1.25e-15 1.13e-14 0.17
2013 09 13 23 33 14 1.33e-22 3.58e-15 1.36e-15 8.38e-15 2.56e-15 9.29e-15 0.14
2013 09 13 23 34 47 1.14e-23 7.01e-15 6.17e-16 4.12e-15 3.73e-22 8.92e-15 0.12
2013 09 13 23 36 19 3.18e-22 1.44e-15 6.82e-15 8.23e-15 1.03e-21 1.03e-14 0.14
2013 09 13 23 37 52 4.98e-22 7.96e-15 3.21e-15 1.64e-15 4.04e-16 9.02e-15 0.13
2013 09 13 23 39 24 4.98e-15 6.01e-15 6.20e-15 4.57e-15 2.21e-16 1.04e-14 0.16
2013 09 13 23 40 57 4.41e-15 2.51e-14 1.82e-22 7.36e-23 1.70e-16 8.26e-15 0.18
2013 09 13 23 42 29 1.79e-14 1.55e-15 8.20e-15 2.79e-15 6.28e-16 8.38e-15 0.18
2013 09 13 23 44 02 1.45e-14 4.74e-15 1.09e-14 5.32e-15 7.07e-22 8.63e-15 0.19
2013 09 13 23 45 34 8.30e-22 3.28e-15 2.37e-15 2.90e-15 5.81e-16 9.67e-15 0.13
2013 09 13 23 48 39 2.31e-22 2.94e-16 2.86e-15 9.29e-15 8.66e-16 1.01e-14 0.13
2013 09 13 23 51 45 5.18e-19 1.10e-14 8.78e-22 3.27e-16 2.34e-22 9.55e-15 0.12
2013 09 13 23 53 17 8.48e-15 1.13e-14 1.78e-15 2.06e-15 5.43e-22 9.03e-15 0.16
2013 09 13 23 54 49 5.04e-23 4.71e-15 7.16e-15 3.68e-15 3.74e-17 7.53e-15 0.13
2013 09 13 23 56 22 1.20e-14 1.44e-14 5.29e-15 3.91e-15 3.60e-16 6.92e-15 0.19
2013 09 13 23 57 56 5.61e-15 6.69e-15 4.22e-17 4.35e-15 2.16e-21 7.05e-15 0.13
2013 09 13 23 59 28 2.03e-22 1.89e-17 2.29e-15 6.58e-15 5.43e-16 8.06e-15 0.11
2013 09 14 00 01 01 1.26e-21 2.97e-16 3.77e-15 3.03e-15 1.12e-21 6.90e-15 0.10
2013 09 14 00 02 33 2.46e-15 7.78e-15 6.64e-16 9.66e-15 3.57e-15 7.53e-15 0.16
2013 09 14 00 02 33 2.46e-15 7.78e-15 6.64e-16 9.66e-15 1.09e-16 7.34e-15 0.16
2013 09 14 00 05 36 5.43e-16 6.90e-15 2.81e-16 1.29e-14 2.08e-15 6.86e-15 0.15
2013 09 14 00 07 09 1.80e-15 6.48e-16 7.17e-16 1.41e-14 2.55e-15 6.83e-15 0.14
2013 09 14 00 08 42 2.68e-14 1.64e-15 6.22e-16 1.23e-14 1.17e-15 7.38e-15 0.21
2013 09 14 00 10 15 7.03e-15 5.92e-15 5.94e-15 5.03e-15 5.66e-17 7.43e-15 0.16
2013 09 14 00 11 48 8.81e-15 1.11e-15 9.70e-15 5.87e-15 7.16e-16 7.00e-15 0.16
2013 09 14 00 13 20 3.69e-15 3.14e-21 1.39e-18 9.32e-15 2.10e-16 6.98e-15 0.12
2013 09 14 00 14 52 2.94e-14 2.88e-15 3.28e-15 2.77e-15 2.24e-22 7.27e-15 0.20
2013 09 14 00 16 25 4.51e-14 1.50e-16 4.22e-15 6.48e-15 4.70e-17 7.15e-15 0.24
2013 09 14 00 17 57 2.22e-14 1.03e-15 7.35e-15 3.82e-15 4.03e-16 7.80e-15 0.19
2013 09 14 00 19 29 3.06e-22 6.71e-15 9.63e-15 4.51e-15 5.08e-17 9.83e-15 0.16
2013 09 14 00 21 01 1.33e-21 6.37e-15 8.52e-15 6.14e-15 8.27e-22 8.08e-15 0.15
2013 09 14 00 22 34 5.09e-16 1.81e-16 9.87e-15 1.09e-14 9.38e-22 8.64e-15 0.15
2013 09 14 00 24 05 1.60e-23 1.10e-14 6.14e-15 3.30e-15 1.58e-21 9.97e-15 0.16
2013 09 14 00 25 37 2.84e-15 1.18e-14 9.32e-15 5.48e-15 2.11e-16 1.16e-14 0.19
2013 09 14 00 27 09 1.13e-14 6.15e-15 5.13e-16 1.28e-14 1.81e-15 1.10e-14 0.19
2013 09 14 00 28 42 5.74e-23 8.40e-18 2.98e-15 2.50e-14 2.63e-15 1.29e-14 0.19
2013 09 14 00 30 15 5.37e-23 5.09e-16 1.05e-14 1.59e-14 1.16e-15 1.34e-14 0.19
2013 09 14 00 31 48 4.29e-22 1.73e-21 1.14e-19 1.56e-14 8.51e-16 1.62e-14 0.16
2013 09 14 00 33 21 3.17e-22 1.47e-15 1.46e-15 7.57e-15 1.00e-15 1.57e-14 0.15
2013 09 14 00 34 53 1.44e-14 6.62e-15 5.71e-15 2.35e-15 2.07e-21 1.15e-14 0.19
2013 09 14 00 36 26 6.83e-15 1.22e-14 8.14e-23 4.95e-15 4.85e-17 1.15e-14 0.17
2013 09 14 00 37 59 5.44e-15 3.56e-15 2.11e-22 2.87e-15 6.51e-22 1.04e-14 0.13
2013 09 14 00 39 32 1.47e-23 5.33e-15 5.45e-15 5.57e-15 2.67e-17 9.69e-15 0.14
2013 09 14 00 41 05 1.52e-22 3.01e-15 1.87e-15 1.96e-14 3.44e-15 1.05e-14 0.18
2013 09 14 00 42 38 1.09e-21 2.59e-22 1.26e-20 2.68e-14 1.19e-15 1.45e-14 0.19
2013 09 14 00 44 10 7.52e-22 3.42e-15 3.68e-15 1.50e-14 6.65e-15 1.15e-14 0.18
2013 09 14 00 45 44 2.96e-15 8.41e-16 8.90e-15 6.11e-15 4.61e-16 1.11e-14 0.16
2013 09 14 00 47 15 3.75e-18 3.75e-15 9.57e-16 9.18e-15 8.24e-22 1.23e-14 0.14
2013 09 14 00 53 52 2.87e-22 1.06e-15 7.54e-16 8.29e-15 3.30e-16 6.70e-15 0.11
2013 09 14 00 55 24 7.40e-15 2.37e-17 1.74e-15 1.12e-14 3.08e-15 7.70e-15 0.16
2013 09 14 00 56 57 1.98e-23 1.76e-16 1.28e-14 1.32e-14 1.94e-15 8.73e-15 0.18
2013 09 14 00 58 30 7.87e-23 1.81e-15 3.53e-15 1.15e-14 6.10e-16 1.03e-14 0.15
2013 09 14 01 00 03 1.20e-14 2.90e-14 9.85e-15 1.01e-14 1.54e-15 1.22e-14 0.27
2013 09 14 01 01 34 2.00e-22 3.08e-23 4.79e-20 3.99e-14 4.48e-15 1.67e-14 0.24
2013 09 14 01 03 08 9.93e-22 1.22e-14 1.94e-14 8.28e-15 3.80e-24 1.15e-14 0.21
2013 09 14 01 04 41 2.67e-22 1.55e-14 1.13e-14 6.36e-15 9.52e-22 9.48e-15 0.19
2013 09 14 01 06 14 1.23e-15 9.53e-15 7.37e-15 3.17e-15 1.00e-16 7.76e-15 0.15
2013 09 14 01 07 49 8.81e-16 1.01e-14 1.94e-15 6.17e-16 1.36e-21 6.67e-15 0.12
2013 09 14 01 09 21 6.78e-16 7.35e-15 2.81e-15 1.18e-15 1.12e-21 6.93e-15 0.12
2013 09 14 01 10 53 4.06e-22 2.45e-15 4.14e-16 5.52e-15 2.87e-22 6.38e-15 0.10
2013 09 14 01 12 26 6.25e-15 1.12e-14 4.85e-15 3.19e-15 4.92e-22 7.18e-15 0.16
2013 09 14 01 12 26 6.25e-15 1.12e-14 4.85e-15 3.19e-15 4.92e-22 7.16e-15 0.16
2013 09 14 01 15 32 3.67e-16 2.61e-14 3.49e-21 8.58e-16 3.17e-17 9.88e-15 0.18
2013 09 14 01 17 09 3.25e-22 9.55e-15 7.79e-16 2.97e-16 9.64e-22 8.21e-15 0.12
2013 09 14 01 18 43 2.57e-16 1.11e-14 9.40e-22 4.10e-15 1.25e-16 8.64e-15 0.14
2013 09 14 01 20 15 3.96e-23 1.29e-17 1.19e-16 1.11e-14 1.82e-15 9.53e-15 0.13
2013 09 14 01 21 48 4.82e-22 6.61e-16 1.37e-15 1.02e-14 7.16e-16 8.90e-15 0.13
2013 09 14 01 23 21 9.88e-23 3.12e-19 2.75e-17 4.22e-15 2.05e-21 8.91e-15 0.09
2013 09 14 01 24 53 5.33e-21 1.57e-14 1.46e-22 8.20e-23 9.43e-22 8.22e-15 0.14
2013 09 14 01 26 27 2.08e-15 1.13e-14 1.34e-15 1.60e-15 2.24e-21 8.84e-15 0.14
2013 09 14 01 28 00 7.22e-15 1.25e-14 8.24e-18 2.80e-15 1.34e-21 7.72e-15 0.16
2013 09 14 01 29 33 9.87e-20 9.67e-15 1.04e-21 5.27e-22 4.59e-22 9.52e-15 0.12
2013 09 14 01 31 06 1.54e-24 1.69e-21 8.67e-22 5.37e-22 4.66e-22 8.31e-15 0.07
2013 09 14 01 32 40 5.18e-21 5.91e-15 2.71e-18 3.70e-15 2.31e-16 9.53e-15 0.12
2013 09 14 01 34 13 2.14e-21 5.81e-15 3.31e-22 1.76e-22 7.17e-22 8.86e-15 0.10
2013 09 14 01 35 48 4.81e-15 1.09e-15 8.52e-22 5.43e-22 1.62e-21 9.84e-15 0.11
2013 09 14 01 37 21 2.27e-21 5.11e-15 1.04e-21 4.19e-17 1.89e-21 1.00e-14 0.10
2013 09 14 01 38 55 1.59e-25 7.07e-22 1.66e-21 1.05e-15 6.25e-22 9.71e-15 0.08
2013 09 14 01 40 27 3.51e-23 1.26e-21 8.89e-22 5.72e-17 1.14e-14 9.13e-15 0.12
2013 09 14 01 42 01 6.06e-23 4.14e-15 1.73e-21 1.41e-16 8.51e-17 1.23e-14 0.11
2013 09 14 01 43 34 5.58e-26 1.23e-21 1.30e-21 1.07e-21 1.36e-21 9.45e-15 0.08
2013 09 14 01 45 07 1.32e-18 5.58e-15 4.12e-22 2.31e-22 5.21e-22 8.75e-15 0.10
2013 09 14 01 46 40 3.35e-22 6.30e-15 8.04e-22 1.89e-21 1.95e-21 9.80e-15 0.11
2013 09 14 01 48 13 9.39e-22 6.52e-15 1.66e-21 2.14e-21 4.66e-22 1.05e-14 0.11
2013 09 14 01 49 48 2.24e-21 7.55e-15 1.07e-16 8.62e-16 1.54e-21 1.08e-14 0.12
2013 09 14 01 51 21 1.17e-22 9.15e-15 1.03e-21 5.05e-22 5.41e-24 1.07e-14 0.12
2013 09 14 01 52 54 1.31e-25 2.64e-22 2.32e-21 2.10e-21 1.87e-21 9.40e-15 0.08
2013 09 14 01 54 27 1.70e-21 8.03e-22 5.35e-22 4.45e-17 1.23e-14 1.23e-14 0.14
2013 09 14 01 56 00 1.44e-21 1.97e-22 3.15e-20 6.89e-15 2.55e-16 1.43e-14 0.13
2013 09 14 01 57 34 1.36e-23 1.09e-23 1.80e-23 5.09e-23 4.27e-17 1.55e-14 0.10
2013 09 14 02 00 40 9.19e-25 6.79e-24 5.10e-21 7.09e-22 9.13e-24 1.49e-14 0.10
2013 09 14 02 02 13 4.68e-25 9.19e-22 1.10e-21 2.24e-21 3.62e-17 1.47e-14 0.10
2013 09 14 02 03 46 1.15e-24 6.96e-25 2.17e-21 1.62e-21 1.26e-23 1.24e-14 0.09
2013 09 14 02 05 20 9.05e-23 4.39e-19 1.39e-23 2.58e-15 1.07e-16 1.70e-14 0.12
2013 09 14 02 06 53 1.02e-23 2.21e-15 3.15e-24 4.77e-16 2.34e-23 1.40e-14 0.11
2013 09 14 02 08 27 1.01e-24 7.55e-25 4.00e-22 4.26e-24 2.95e-23 1.43e-14 0.10
2013 09 14 02 09 59 4.70e-22 6.60e-15 3.93e-24 1.51e-16 1.39e-16 1.68e-14 0.13
2013 09 14 02 11 32 6.73e-23 1.13e-14 7.79e-17 1.20e-14 1.26e-15 1.77e-14 0.19
2013 09 14 02 13 10 6.99e-22 7.26e-15 1.74e-18 4.19e-15 6.03e-16 1.88e-14 0.16
2013 09 14 02 14 42 1.96e-23 1.63e-14 2.96e-15 5.85e-15 9.89e-17 1.64e-14 0.19
2013 09 14 02 16 16 2.06e-22 3.77e-22 1.33e-19 1.69e-14 1.64e-15 1.92e-14 0.18
2013 09 14 02 17 49 9.28e-22 2.06e-22 1.06e-19 7.51e-15 7.15e-16 1.90e-14 0.15
2013 09 14 02 19 22 6.02e-22 8.51e-19 3.70e-20 7.31e-15 2.06e-16 1.59e-14 0.13
2013 09 14 02 20 54 1.65e-21 7.76e-19 7.59e-16 1.61e-14 1.23e-15 1.56e-14 0.17
2013 09 14 02 22 28 7.75e-22 1.83e-22 1.61e-20 7.85e-15 4.02e-16 1.92e-14 0.15
2013 09 14 02 24 00 2.03e-21 7.52e-22 1.90e-23 4.56e-15 2.07e-17 2.06e-14 0.14
2013 09 14 02 25 34 1.03e-23 7.43e-19 5.02e-20 3.53e-15 3.85e-17 1.68e-14 0.12
2013 09 14 02 27 08 2.67e-22 5.37e-23 8.68e-20 1.44e-14 8.95e-16 1.85e-14 0.17
2013 09 14 02 28 41 1.24e-21 8.26e-15 2.28e-23 8.83e-15 2.94e-17 1.76e-14 0.17
2013 09 14 02 30 14 1.22e-21 5.13e-16 2.11e-16 8.98e-15 3.98e-16 1.57e-14 0.14
2013 09 14 02 31 49 1.71e-21 1.44e-15 3.67e-19 6.27e-15 4.55e-16 1.76e-14 0.14
2013 09 14 02 33 21 1.57e-21 4.63e-20 1.16e-22 9.14e-15 6.92e-16 1.66e-14 0.14
2013 09 14 02 34 55 4.67e-23 6.20e-15 3.46e-15 8.45e-16 5.81e-24 1.39e-14 0.14
2013 09 14 02 36 29 7.49e-15 1.33e-14 4.36e-15 4.09e-15 2.24e-21 1.26e-14 0.19
2013 09 14 02 38 03 3.38e-23 1.24e-14 6.60e-20 5.20e-15 8.82e-16 1.15e-14 0.16
2013 09 14 02 39 36 2.98e-22 4.44e-23 1.90e-21 1.97e-16 1.73e-14 1.29e-14 0.16
2013 09 14 02 41 10 5.92e-23 1.33e-14 1.07e-21 9.50e-22 1.76e-21 1.01e-14 0.13
2013 09 14 02 42 43 8.56e-22 1.47e-15 5.23e-22 4.71e-22 6.33e-22 9.63e-15 0.09
2013 09 14 02 44 48 6.54e-19 1.07e-14 1.44e-21 1.33e-21 3.36e-24 1.21e-14 0.13
2013 09 14 02 46 22 1.79e-14 2.08e-14 5.17e-22 3.01e-22 9.96e-24 1.41e-14 0.22
2013 09 14 02 47 55 6.98e-23 1.28e-14 4.90e-22 4.62e-22 4.98e-24 1.23e-14 0.14
2013 09 14 02 49 28 1.84e-22 2.37e-14 5.24e-23 2.36e-21 1.93e-22 1.47e-14 0.18
2013 09 14 02 51 01 3.52e-14 1.87e-14 1.81e-21 3.90e-15 1.05e-17 1.66e-14 0.27
2013 09 14 02 52 35 2.00e-21 1.43e-15 4.25e-16 8.43e-15 2.79e-17 1.53e-14 0.14
2013 09 14 02 54 07 6.90e-22 2.27e-15 1.17e-16 9.81e-15 3.81e-15 1.68e-14 0.16
2013 09 14 02 55 39 2.05e-21 8.08e-22 2.39e-22 2.27e-14 2.08e-15 2.28e-14 0.20
2013 09 14 02 57 12 8.37e-15 2.26e-14 4.20e-16 7.23e-15 2.45e-15 1.77e-14 0.23
2013 09 14 02 58 47 6.71e-15 1.65e-14 2.49e-17 4.49e-15 3.59e-16 1.78e-14 0.20
2013 09 14 03 00 18 7.52e-15 2.14e-14 3.56e-21 2.55e-15 3.63e-16 1.93e-14 0.21
2013 09 14 03 01 52 3.09e-20 1.59e-14 9.38e-22 3.41e-16 4.91e-24 1.54e-14 0.16
2013 09 14 03 03 25 1.47e-19 1.76e-14 5.69e-22 5.33e-22 4.17e-23 1.47e-14 0.16
2013 09 14 03 04 59 3.39e-23 4.28e-15 1.03e-21 1.65e-15 5.39e-24 1.64e-14 0.13
2013 09 14 03 06 32 2.01e-25 8.72e-22 1.61e-21 1.62e-21 4.66e-25 1.50e-14 0.10
2013 09 14 03 08 05 3.76e-24 3.08e-16 7.97e-24 3.78e-23 4.77e-22 2.08e-14 0.13
2013 09 14 03 09 39 3.20e-24 2.58e-24 5.13e-24 2.08e-23 2.95e-22 2.10e-14 0.13
2013 09 14 03 11 13 8.62e-25 7.32e-25 1.03e-21 7.67e-22 8.07e-24 1.40e-14 0.10
2013 09 14 03 12 48 3.33e-23 2.05e-21 9.72e-22 9.54e-22 1.89e-21 1.21e-14 0.09
2013 09 14 03 14 19 8.74e-26 4.51e-22 2.14e-21 2.07e-21 1.82e-22 1.37e-14 0.10
2013 09 14 03 15 52 1.43e-21 3.13e-15 3.77e-23 1.53e-22 1.60e-21 1.76e-14 0.12
2013 09 14 03 17 25 1.22e-25 3.16e-22 2.01e-21 1.94e-21 4.92e-22 1.28e-14 0.09
2013 09 14 03 18 58 5.68e-18 4.59e-15 1.85e-21 2.01e-21 1.74e-17 1.19e-14 0.11
2013 09 14 03 20 32 1.48e-14 1.80e-14 1.33e-21 7.89e-22 3.48e-24 1.09e-14 0.19
2013 09 14 03 22 06 2.63e-14 1.04e-15 6.28e-22 4.13e-22 4.17e-22 1.05e-14 0.18
2013 09 14 03 23 39 4.36e-14 2.37e-14 1.84e-21 1.42e-21 1.25e-21 1.11e-14 0.28
2013 09 14 03 25 13 1.95e-14 1.19e-14 1.47e-21 7.78e-22 9.53e-22 1.02e-14 0.19
2013 09 14 03 26 47 1.15e-22 2.19e-15 1.89e-21 1.93e-21 1.67e-21 1.05e-14 0.09
2013 09 14 03 28 19 1.98e-21 9.55e-15 3.35e-22 2.90e-22 6.14e-22 9.50e-15 0.12
2013 09 14 03 29 51 3.07e-19 7.02e-15 6.33e-22 4.33e-22 4.00e-22 9.82e-15 0.11
2013 09 14 03 31 23 2.33e-21 1.17e-14 8.34e-22 5.59e-22 4.76e-24 1.10e-14 0.13
2013 09 14 03 32 57 1.54e-22 4.30e-15 5.41e-15 4.56e-24 4.32e-23 1.62e-14 0.14
2013 09 14 03 34 31 1.05e-14 1.87e-14 4.44e-24 9.63e-24 8.30e-23 1.51e-14 0.20
2013 09 14 03 36 03 1.22e-19 1.14e-14 2.55e-22 3.38e-22 4.30e-24 1.22e-14 0.13
2013 09 14 03 37 36 5.75e-16 3.27e-14 1.25e-21 1.45e-21 9.58e-22 1.07e-14 0.20
2013 09 14 03 39 10 9.43e-22 2.09e-15 1.51e-17 4.20e-15 9.67e-22 1.07e-14 0.11
2013 09 14 03 40 43 1.49e-15 1.91e-14 2.30e-23 3.35e-16 2.37e-21 1.10e-14 0.16
2013 09 14 03 42 17 5.60e-24 1.25e-14 1.58e-21 1.79e-21 9.06e-22 9.99e-15 0.13
2013 09 14 03 43 51 8.89e-26 5.67e-22 1.62e-21 9.75e-22 1.22e-21 8.86e-15 0.07
2013 09 14 03 45 24 7.72e-26 4.26e-16 1.89e-21 1.74e-21 2.21e-21 9.11e-15 0.08
2013 09 14 03 46 57 5.43e-26 1.76e-21 8.99e-22 8.29e-22 1.34e-21 1.03e-14 0.08
2013 09 14 03 48 30 9.11e-22 1.91e-21 5.93e-22 4.32e-22 5.63e-22 9.22e-15 0.08
2013 09 14 03 56 10 2.33e-25 1.19e-21 2.27e-21 1.55e-21 2.27e-21 9.55e-15 0.08
2013 09 14 03 57 44 1.01e-25 3.17e-22 2.10e-21 1.31e-21 1.72e-21 9.15e-15 0.08
2013 09 14 04 00 52 1.19e-25 3.15e-22 1.90e-21 1.34e-21 8.48e-22 9.33e-15 0.08
2013 09 14 04 02 24 9.16e-26 9.37e-22 1.31e-21 9.15e-22 1.15e-21 1.10e-14 0.08
2013 09 14 04 03 59 1.80e-25 1.51e-21 6.79e-22 1.27e-21 3.24e-23 1.17e-14 0.09
2013 09 14 04 05 33 3.35e-19 6.38e-15 1.27e-21 1.43e-21 7.33e-22 1.15e-14 0.11
2013 09 14 04 07 09 8.83e-22 9.26e-22 2.39e-22 1.48e-22 1.04e-21 7.79e-15 0.07
2013 09 14 04 08 43 2.03e-22 1.79e-21 8.52e-22 6.01e-22 6.20e-22 8.28e-15 0.07
2013 09 14 04 10 16 4.24e-25 1.63e-21 1.14e-21 2.12e-21 1.02e-21 8.97e-15 0.08
2013 09 14 04 11 50 3.25e-23 2.09e-21 5.83e-22 2.61e-22 1.12e-21 7.11e-15 0.07
2013 09 14 04 13 24 8.78e-26 5.88e-22 1.42e-21 8.10e-22 2.49e-22 7.79e-15 0.07
2013 09 14 04 14 57 2.39e-15 1.25e-21 9.30e-22 1.90e-21 1.52e-21 7.97e-15 0.08
2013 09 14 04 16 31 5.73e-26 1.23e-21 1.09e-21 6.48e-22 4.24e-22 8.45e-15 0.07
2013 09 14 04 22 49 4.03e-23 6.53e-22 4.68e-22 9.03e-16 8.30e-17 7.28e-15 0.07
2013 09 14 04 24 21 1.35e-21 3.53e-15 2.03e-22 4.33e-16 1.71e-17 6.88e-15 0.08
2013 09 14 04 25 55 4.20e-23 8.24e-16 1.72e-17 2.40e-15 6.83e-16 7.04e-15 0.09
2013 09 14 04 27 29 4.70e-22 2.00e-18 8.54e-24 4.38e-16 6.33e-17 6.13e-15 0.06
2013 09 14 04 30 40 4.15e-22 3.09e-24 4.37e-22 5.35e-17 1.01e-14 5.33e-15 0.11
2013 09 14 04 32 15 4.18e-22 1.20e-23 1.54e-23 3.67e-16 2.20e-14 4.23e-15 0.15
2013 09 14 04 33 49 1.04e-21 3.66e-23 2.98e-20 4.12e-15 6.65e-15 6.96e-15 0.11
2013 09 14 04 35 54 4.14e-23 7.03e-23 2.11e-21 9.44e-17 2.69e-15 7.25e-15 0.08
2013 09 14 04 37 27 1.16e-22 2.47e-15 3.78e-20 6.24e-16 1.09e-16 7.01e-15 0.08
2013 09 14 04 39 01 5.00e-22 6.79e-16 1.88e-21 1.18e-15 8.46e-17 6.24e-15 0.07
2013 09 14 04 40 36 7.69e-24 5.85e-24 1.19e-23 2.24e-23 5.03e-23 5.14e-15 0.05
2013 09 14 04 42 09 1.30e-23 6.72e-24 1.36e-23 6.32e-23 2.46e-22 5.93e-15 0.06
2013 09 14 04 45 49 6.37e-23 5.02e-23 1.10e-22 3.26e-22 8.85e-19 1.02e-14 0.08
2013 09 14 04 47 23 1.28e-23 1.99e-17 2.22e-23 3.19e-23 8.26e-23 6.07e-15 0.06
2013 09 14 04 48 57 1.02e-22 2.39e-15 5.43e-16 8.29e-16 1.31e-17 7.04e-15 0.08
2013 09 14 04 50 30 1.18e-21 1.42e-23 5.70e-23 2.48e-15 2.57e-16 8.21e-15 0.09
2013 09 14 04 52 06 1.96e-21 1.05e-21 7.71e-20 1.24e-15 5.33e-17 7.83e-15 0.08
2013 09 14 04 53 39 3.49e-23 1.72e-23 1.19e-19 2.29e-15 1.42e-16 8.95e-15 0.09
2013 09 14 04 55 13 1.25e-21 2.04e-21 1.90e-21 8.49e-24 2.90e-15 9.04e-15 0.09
