2017 03 14 19 22 00 1.29
2017 03 14 19 24 58 1.01
2017 03 14 19 26 27 0.98
2017 03 14 19 27 55 1.12
2017 03 14 19 29 25 1.20
2017 03 14 19 30 54 1.12
2017 03 14 19 32 24 0.95
2017 03 14 19 33 51 0.87
2017 03 14 19 35 19 0.64
2017 03 14 19 36 48 0.76
2017 03 14 19 38 17 0.80
2017 03 14 19 39 46 0.71
2017 03 14 19 41 15 0.76
2017 03 14 19 42 44 0.69
2017 03 14 19 44 14 0.74
2017 03 14 19 45 43 0.74
2017 03 14 19 48 14 0.66
2017 03 14 19 49 44 0.71
2017 03 14 19 52 41 0.96
2017 03 14 19 54 11 0.91
2017 03 14 19 55 41 0.69
2017 03 14 19 57 10 0.74
2017 03 14 19 58 38 0.79
2017 03 14 20 00 08 0.71
2017 03 14 20 01 37 0.73
2017 03 14 20 03 07 0.62
2017 03 14 20 04 36 0.56
2017 03 14 20 07 35 0.84
2017 03 14 20 09 04 0.51
2017 03 14 20 10 34 0.48
2017 03 14 20 12 03 0.50
2017 03 14 20 13 33 0.58
2017 03 14 20 15 02 0.46
2017 03 14 20 16 32 0.48
2017 03 14 20 18 00 0.45
2017 03 14 20 19 30 0.46
2017 03 14 20 21 00 0.68
2017 03 14 20 22 30 0.60
2017 03 14 20 24 00 0.89
2017 03 14 20 25 30 1.02
2017 03 14 20 26 59 0.77
2017 03 14 20 28 30 0.96
2017 03 14 20 29 59 0.68
2017 03 14 20 32 59 1.51
2017 03 14 20 34 29 1.10
2017 03 14 20 40 02 0.50
2017 03 14 20 41 31 0.52
2017 03 14 20 43 01 0.52
2017 03 14 20 44 31 0.46
2017 03 14 20 46 00 0.51
2017 03 14 20 47 30 0.63
2017 03 14 20 49 00 0.58
2017 03 14 20 50 29 0.61
2017 03 14 20 51 59 0.59
2017 03 14 20 53 30 0.66
2017 03 14 20 54 59 0.51
2017 03 14 20 56 30 0.40
2017 03 14 20 58 00 0.47
2017 03 14 20 59 29 0.43
2017 03 14 21 00 59 0.48
2017 03 14 21 02 30 0.51
2017 03 14 21 03 59 0.47
2017 03 14 21 05 30 0.45
2017 03 14 21 07 00 0.40
2017 03 14 21 08 30 0.38
2017 03 14 21 10 00 0.38
2017 03 14 21 11 30 0.39
2017 03 14 21 12 59 0.39
2017 03 14 21 14 30 0.39
2017 03 14 21 16 00 0.38
2017 03 14 21 17 30 0.42
2017 03 14 21 19 00 0.44
2017 03 14 21 20 31 0.47
2017 03 14 21 26 53 0.78
2017 03 14 21 28 23 1.01
2017 03 14 21 29 53 1.17
2017 03 14 21 31 24 1.49
2017 03 14 21 32 54 1.22
2017 03 14 21 34 25 1.01
2017 03 14 21 35 55 1.10
2017 03 14 21 38 56 0.89
2017 03 14 21 41 56 1.25
2017 03 14 21 43 27 1.03
2017 03 14 21 44 56 0.92
2017 03 14 21 46 26 0.85
2017 03 14 21 47 56 0.72
2017 03 14 21 49 27 0.78
2017 03 14 21 50 58 0.83
2017 03 14 21 52 28 0.78
2017 03 14 21 53 59 0.79
2017 03 14 21 55 30 0.95
2017 03 14 21 56 59 0.85
2017 03 14 21 58 30 0.71
2017 03 14 22 00 00 0.61
2017 03 14 22 01 31 0.69
2017 03 14 22 03 01 0.65
2017 03 14 22 04 32 0.57
2017 03 14 22 06 02 0.63
2017 03 14 22 07 33 0.49
2017 03 14 22 09 03 0.56
2017 03 14 22 10 33 0.55
2017 03 14 22 12 04 0.51
2017 03 14 22 13 34 0.58
2017 03 14 22 15 04 0.67
2017 03 14 22 16 34 0.67
2017 03 14 22 18 04 0.62
2017 03 14 22 19 35 0.69
2017 03 14 22 21 04 0.81
2017 03 14 22 22 35 0.83
2017 03 14 22 24 04 0.75
2017 03 14 22 25 35 0.72
2017 03 14 22 27 07 0.73
2017 03 14 22 28 37 0.83
2017 03 14 22 31 38 0.63
2017 03 14 22 33 08 0.64
2017 03 14 22 34 38 0.78
2017 03 14 22 36 08 0.86
2017 03 14 22 37 39 0.81
2017 03 14 22 39 09 0.91
2017 03 14 22 40 39 0.96
2017 03 14 22 43 39 0.77
2017 03 14 22 45 10 0.75
2017 03 14 22 46 41 0.66
2017 03 14 22 48 10 0.92
2017 03 14 22 50 10 1.57
2017 03 14 22 51 41 1.42
2017 03 14 22 54 40 0.75
2017 03 14 22 56 11 1.10
2017 03 14 22 57 42 0.81
2017 03 14 23 00 43 0.91
2017 03 14 23 02 13 0.94
2017 03 14 23 03 42 1.09
2017 03 14 23 05 12 0.69
2017 03 14 23 06 43 0.82
2017 03 14 23 08 13 1.14
2017 03 14 23 09 44 1.41
2017 03 14 23 11 15 0.68
2017 03 14 23 12 45 0.74
2017 03 14 23 15 47 0.60
2017 03 14 23 17 18 0.69
2017 03 14 23 18 49 0.82
2017 03 14 23 20 21 0.90
2017 03 14 23 21 51 0.74
2017 03 14 23 23 22 0.67
2017 03 14 23 24 54 0.86
2017 03 14 23 26 25 0.62
2017 03 14 23 27 56 0.57
2017 03 14 23 30 56 0.43
2017 03 14 23 32 28 0.43
2017 03 14 23 33 59 0.60
2017 03 14 23 35 29 0.48
2017 03 14 23 39 15 0.87
2017 03 14 23 40 45 0.92
2017 03 14 23 43 48 0.85
2017 03 14 23 45 18 0.92
2017 03 14 23 46 49 0.91
2017 03 14 23 48 20 0.64
2017 03 14 23 49 50 0.69
2017 03 14 23 51 22 0.57
2017 03 14 23 52 53 0.60
2017 03 14 23 54 24 0.75
2017 03 14 23 55 54 0.62
2017 03 14 23 58 56 0.56
2017 03 15 00 00 28 0.64
2017 03 15 00 01 59 0.49
2017 03 15 00 03 30 0.58
2017 03 15 00 05 01 0.71
2017 03 15 00 06 34 0.52
2017 03 15 00 08 04 0.40
2017 03 15 00 09 35 0.39
2017 03 15 00 12 36 0.76
2017 03 15 00 15 39 0.44
2017 03 15 00 17 10 0.43
2017 03 15 00 18 40 0.49
2017 03 15 00 20 12 0.41
2017 03 15 00 21 43 0.60
2017 03 15 00 23 13 0.47
2017 03 15 00 24 44 0.46
2017 03 15 00 26 16 0.42
2017 03 15 00 27 47 0.58
2017 03 15 00 29 17 0.63
2017 03 15 00 30 48 0.51
2017 03 15 00 32 19 0.47
2017 03 15 00 33 49 0.48
2017 03 15 00 35 20 0.52
2017 03 15 00 36 52 0.54
2017 03 15 00 39 54 0.39
2017 03 15 00 42 57 0.45
2017 03 15 00 48 07 0.59
2017 03 15 00 49 38 0.55
2017 03 15 00 51 09 0.48
2017 03 15 00 52 40 0.48
2017 03 15 00 55 42 0.57
2017 03 15 00 57 13 0.73
2017 03 15 00 58 44 0.69
2017 03 15 01 01 46 1.12
2017 03 15 01 03 17 1.12
2017 03 15 01 03 17 0.96
2017 03 15 01 04 49 1.12
2017 03 15 01 07 50 1.07
2017 03 15 01 10 51 0.67
2017 03 15 01 13 55 0.55
2017 03 15 01 15 27 0.52
2017 03 15 01 16 58 0.52
2017 03 15 01 18 30 0.52
2017 03 15 01 20 02 0.58
2017 03 15 01 21 33 0.68
2017 03 15 01 23 03 0.69
2017 03 15 01 24 35 0.56
2017 03 15 01 26 06 0.91
2017 03 15 01 27 37 0.77
2017 03 15 01 33 04 0.71
2017 03 15 01 34 36 0.53
2017 03 15 01 39 40 0.70
2017 03 15 01 41 12 0.68
2017 03 15 01 42 43 0.56
2017 03 15 01 44 14 0.62
2017 03 15 01 45 45 0.51
2017 03 15 01 47 16 0.56
2017 03 15 01 48 48 0.54
2017 03 15 01 50 19 0.61
2017 03 15 01 51 49 0.57
2017 03 15 01 53 21 0.85
2017 03 15 01 54 52 0.88
2017 03 15 01 57 54 0.45
2017 03 15 02 00 57 0.64
2017 03 15 02 04 00 0.53
2017 03 15 02 05 32 0.69
2017 03 15 02 07 03 0.68
2017 03 15 02 08 34 0.89
2017 03 15 02 10 05 0.68
2017 03 15 02 11 37 0.56
2017 03 15 02 13 08 0.64
2017 03 15 02 14 39 0.64
2017 03 15 02 16 11 0.85
2017 03 15 02 17 43 0.77
2017 03 15 02 19 13 0.80
2017 03 15 02 20 45 0.64
2017 03 15 02 22 16 0.61
2017 03 15 02 23 48 0.84
2017 03 15 02 25 19 0.79
2017 03 15 02 26 50 0.79
2017 03 15 02 26 50 0.73
2017 03 15 02 29 53 0.62
2017 03 15 02 31 26 0.61
2017 03 15 02 32 57 0.59
2017 03 15 02 36 00 0.61
2017 03 15 02 37 32 0.54
2017 03 15 02 39 04 0.62
2017 03 15 02 40 36 0.80
2017 03 15 02 42 07 0.62
2017 03 15 02 43 39 0.64
2017 03 15 02 46 41 0.85
2017 03 15 02 48 13 0.84
2017 03 15 02 49 44 0.88
2017 03 15 02 52 48 1.11
2017 03 15 02 55 50 1.12
2017 03 15 02 58 53 1.20
2017 03 15 03 01 56 0.80
2017 03 15 03 04 59 0.50
2017 03 15 03 06 32 0.54
2017 03 15 03 09 35 0.64
2017 03 15 03 12 39 0.66
2017 03 15 03 15 42 0.65
2017 03 15 03 17 14 0.70
2017 03 15 03 18 46 0.71
2017 03 15 03 20 18 0.60
2017 03 15 03 21 50 0.78
2017 03 15 03 28 32 0.66
2017 03 15 03 31 35 0.65
2017 03 15 03 34 38 0.58
2017 03 15 03 37 42 0.68
2017 03 15 03 40 44 0.58
2017 03 15 03 43 49 0.53
2017 03 15 03 46 52 0.63
2017 03 15 03 48 25 0.55
2017 03 15 03 49 56 0.60
2017 03 15 03 51 28 0.60
2017 03 15 03 53 00 0.53
2017 03 15 03 54 31 0.52
2017 03 15 03 56 03 0.60
2017 03 15 03 57 35 0.53
2017 03 15 04 00 38 0.53
2017 03 15 04 03 42 0.55
2017 03 15 04 05 14 0.46
2017 03 15 04 06 48 0.50
2017 03 15 04 08 20 0.57
2017 03 15 04 09 51 0.48
2017 03 15 04 12 56 0.50
2017 03 15 04 14 28 0.50
2017 03 15 04 16 00 0.44
2017 03 15 04 17 32 0.43
2017 03 15 04 20 36 0.44
2017 03 15 04 22 07 0.42
2017 03 15 04 23 40 0.52
2017 03 15 04 26 44 0.51
2017 03 15 04 28 15 0.42
2017 03 15 04 29 47 0.52
2017 03 15 04 32 51 0.58
2017 03 15 04 34 23 0.49
2017 03 15 04 35 56 0.59
2017 03 15 04 37 28 0.61
2017 03 15 04 39 00 0.51
2017 03 15 04 40 32 0.83
2017 03 15 04 43 36 0.59
2017 03 15 04 45 08 0.50
2017 03 15 04 46 40 0.57
2017 03 15 04 48 12 0.63
2017 03 15 04 52 56 0.76
2017 03 15 04 54 30 0.88
2017 03 15 04 57 34 0.79
2017 03 15 04 59 07 0.74
2017 03 15 05 00 39 0.94
2017 03 15 05 03 43 0.81
2017 03 15 05 06 48 0.88
2017 03 15 05 08 20 0.72
2017 03 15 05 09 53 0.91
2017 03 15 05 12 57 0.78
2017 03 15 05 14 29 0.67
2017 03 15 05 16 01 0.63
2017 03 15 05 17 34 0.63
2017 03 15 05 19 29 0.72
2017 03 15 05 21 01 0.70
2017 03 15 05 22 34 0.65
2017 03 15 05 24 04 0.84
2017 03 15 05 25 36 0.65
2017 03 15 05 27 08 0.62
2017 03 15 05 28 40 0.71
2017 03 15 05 31 45 0.67
2017 03 15 05 34 51 0.67
2017 03 15 05 36 23 0.74
2017 03 15 05 37 55 0.62
2017 03 15 05 39 27 0.68
2017 03 15 05 40 59 0.66
2017 03 15 05 42 32 0.66
2017 03 15 05 44 04 0.62
2017 03 15 05 45 36 0.58
2017 03 15 05 50 50 0.65
